# E_{dir,x} QE num, $\epsilon_1$ = 1, v = c/400 $\mu$m/s, x = 1$\mu$m, y = 1$\mu$m, 
# b = -2.00$\mu$m, z = 1$\mu$m, plot_fieldE_direct2.2.py
4.78292078731e-04
6.47672380967e-03
2.49215534641e-02
5.32034587397e-02
7.67715210730e-02
8.10398966791e-02
6.71638108557e-02
5.56816788670e-02
7.23948837248e-02
1.27871820235e-01
2.09243447151e-01
2.92623742908e-01
3.65272453331e-01
4.36510644924e-01
5.26009887992e-01
6.39862968576e-01
7.58745427578e-01
8.53853146574e-01
9.20439966726e-01
9.98200148124e-01
1.15318809695e+00
1.42690787360e+00
1.79046897414e+00
2.14616974537e+00
2.38675132922e+00
2.47577555804e+00
2.48864995117e+00
2.57585590708e+00
2.86570207008e+00
3.37241414076e+00
3.97758558474e+00
4.50348263798e+00
4.83014259786e+00
4.97450246405e+00
5.07568448831e+00
5.29799906895e+00
5.72210616664e+00
6.30102663647e+00
6.90728237652e+00
7.42957033621e+00
7.84398271426e+00
8.21012746676e+00
8.60458194907e+00
9.05266132530e+00
9.51621981927e+00
9.94430014879e+00
1.03378500755e+01
1.07661670979e+01
1.13134532276e+01
1.19959676665e+01
1.27217591879e+01
1.33370376149e+01
1.37349454096e+01
1.39472936526e+01
1.41438666697e+01
1.45284633044e+01
1.51991966195e+01
1.60726793177e+01
1.69305717750e+01
1.75605873135e+01
1.78955355618e+01
1.80542988904e+01
1.82580417685e+01
1.86826282252e+01
1.93503814471e+01
2.01317612689e+01
2.08465900024e+01
2.13859281730e+01
2.17685642708e+01
2.21015299875e+01
2.24867779490e+01
2.29506930689e+01
2.34463415836e+01
2.39155250483e+01
2.43504956560e+01
2.48002650384e+01
2.53171966518e+01
2.58928279168e+01
2.64432996202e+01
2.68645676378e+01
2.71181383345e+01
2.72780072361e+01
2.74946995235e+01
2.78950027152e+01
2.84880000746e+01
2.91481845716e+01
2.96927319407e+01
3.00016457178e+01
3.00973290734e+01
3.01282744036e+01
3.02693090596e+01
3.06086010487e+01
3.10981095685e+01
3.15965330800e+01
3.19685012741e+01
3.21682354656e+01
3.22534497127e+01
3.23293124046e+01
3.24709882142e+01
3.26819467720e+01
3.29114424579e+01
3.31075967928e+01
3.32589471501e+01
3.33928514595e+01
3.35380811813e+01
3.36885264869e+01
3.38019518054e+01
3.38362323812e+01
3.37923214741e+01
3.37257632320e+01
3.37130000316e+01
3.37954305840e+01
3.39437804821e+01
3.40719619851e+01
3.40931256021e+01
3.39788074961e+01
3.37790500372e+01
3.35892727202e+01
3.34875357730e+01
3.34858652454e+01
3.35276861428e+01
3.35299149716e+01
3.34379512366e+01
3.32558931826e+01
3.30350018085e+01
3.28337431152e+01
3.26802957308e+01
3.25622032674e+01
3.24451466493e+01
3.23020205308e+01
3.21294655871e+01
3.19424081154e+01
3.17555579233e+01
3.15695196229e+01
3.13726826228e+01
3.11553282386e+01
3.09221496246e+01
3.06915487780e+01
3.04819280519e+01
3.02963861853e+01
3.01186263059e+01
2.99237783877e+01
2.96959748975e+01
2.94394181835e+01
2.91750122122e+01
2.89257115010e+01
2.87017435030e+01
2.84959761419e+01
2.82913773837e+01
2.80737090414e+01
2.78399141837e+01
2.75973046385e+01
2.73561199796e+01
2.71222591090e+01
2.68953041067e+01
2.66717212622e+01
2.64491421466e+01
2.62278929109e+01
2.60094011939e+01
2.57941215204e+01
2.55814751066e+01
2.53715807114e+01
2.51662993596e+01
2.49677539194e+01
2.47754370831e+01
2.45852248657e+01
2.43924803645e+01
2.41975201146e+01
2.40085371001e+01
2.38380370393e+01
2.36939342394e+01
2.35717311940e+01
2.34548613867e+01
2.33248502604e+01
2.31751003994e+01
2.30180988835e+01
2.28795310426e+01
2.27821132253e+01
2.27300760652e+01
2.27056420966e+01
2.26806581755e+01
2.26355576233e+01
2.25723040736e+01
2.25122666815e+01
2.24810067343e+01
2.24914034969e+01
2.25372554118e+01
2.26010538937e+01
2.26687309620e+01
2.27393630602e+01
2.28226992017e+01
2.29278128914e+01
2.30535500112e+01
2.31896653017e+01
2.33280322064e+01
2.34739823507e+01
2.36467051213e+01
2.38661972448e+01
2.41359123561e+01
2.44353987606e+01
