# E_{dir,x} num, $\epsilon_1$ = 1, v = c/400 $\mu$m/s, x = 1$\mu$m, y = 1$\mu$m, 
# b = -2.00$\mu$m, z = 1$\mu$m, plot_fieldE_direct2.2.py
-2.08903059698e-08
-2.44732474898e-06
-3.64844633003e-05
-2.27424881789e-04
-8.61264109806e-04
-2.34435639558e-03
-5.03369004826e-03
-9.06384319169e-03
-1.43624568923e-02
-2.09222358236e-02
-2.91584255943e-02
-4.00391639665e-02
-5.47963756843e-02
-7.43536603184e-02
-9.88864470168e-02
-1.27900354507e-01
-1.60851079412e-01
-1.97894411380e-01
-2.40203016479e-01
-2.89572512908e-01
-3.47568896224e-01
-4.14833152225e-01
-4.91056565217e-01
-5.75634135398e-01
-6.68485336731e-01
-7.70414891138e-01
-8.82768868262e-01
-1.00671520338e+00
-1.14277224689e+00
-1.29097736851e+00
-1.45151904655e+00
-1.62523043668e+00
-1.81343634805e+00
-2.01720650237e+00
-2.23663632027e+00
-2.47085201813e+00
-2.71890169098e+00
-2.98094203157e+00
-3.25877663041e+00
-3.55518846301e+00
-3.87240032841e+00
-4.21072512273e+00
-4.56843939070e+00
-4.94308757912e+00
-5.33337975230e+00
-5.74036373847e+00
-6.16702291674e+00
-6.61655595578e+00
-7.09053159670e+00
-7.58818913856e+00
-8.10731796952e+00
-8.64602165788e+00
-9.20408643218e+00
-9.78304260139e+00
-1.03850186342e+01
-1.10113571159e+01
-1.16620424490e+01
-1.23362639466e+01
-1.30335118738e+01
-1.37542193704e+01
-1.44994083382e+01
-1.52696863506e+01
-1.60645311238e+01
-1.68825903051e+01
-1.77228705052e+01
-1.85858823088e+01
-1.94737278751e+01
-2.03888805744e+01
-2.13324478702e+01
-2.23032096419e+01
-2.32982498893e+01
-2.43148590914e+01
-2.53524172562e+01
-2.64129143952e+01
-2.74996978319e+01
-2.86152886329e+01
-2.97597688330e+01
-3.09308263678e+01
-3.21253652970e+01
-3.33415094096e+01
-3.45796201474e+01
-3.58417281854e+01
-3.71299318282e+01
-3.84449877130e+01
-3.97860519204e+01
-4.11515863962e+01
-4.25405801823e+01
-4.39530966195e+01
-4.53898008146e+01
-4.68509910090e+01
-4.83360457211e+01
-4.98438080499e+01
-5.13735969950e+01
-5.29259555319e+01
-5.45024052656e+01
-5.61042690630e+01
-5.77314206911e+01
-5.93819735755e+01
-6.10532709158e+01
-6.27435577495e+01
-6.44531501719e+01
-6.61842192559e+01
-6.79392792591e+01
-6.97194039513e+01
-7.15234023313e+01
-7.33485105875e+01
-7.51920937681e+01
-7.70531688680e+01
-7.89327381312e+01
-8.08327986455e+01
-8.27548131700e+01
-8.46987296184e+01
-8.66631468305e+01
-8.86463534815e+01
-9.06473784388e+01
-9.26662934277e+01
-9.47036666426e+01
-9.67597334795e+01
-9.88340118845e+01
-1.00925653649e+02
-1.03034172929e+02
-1.05159867078e+02
-1.07303504186e+02
-1.09465479939e+02
-1.11645128208e+02
-1.13840803658e+02
-1.16050773865e+02
-1.18274308487e+02
-1.20512146517e+02
-1.22765939238e+02
-1.25037009017e+02
-1.27325280262e+02
-1.29629138649e+02
-1.31946325079e+02
-1.34275244566e+02
-1.36615792879e+02
-1.38969165317e+02
-1.41336835090e+02
-1.43719445021e+02
-1.46116359521e+02
-1.48526105473e+02
-1.50947295670e+02
-1.53379339743e+02
-1.55822483664e+02
-1.58277260780e+02
-1.60743857506e+02
-1.63221892161e+02
-1.65710717926e+02
-1.68209922865e+02
-1.70719561357e+02
-1.73239906420e+02
-1.75770937812e+02
-1.78312022863e+02
-1.80862106185e+02
-1.83420311422e+02
-1.85986503593e+02
-1.88561352688e+02
-1.91145796743e+02
-1.93740258520e+02
-1.96344175655e+02
-1.98956197083e+02
-2.01574926381e+02
-2.04199701682e+02
-2.06830877387e+02
-2.09469428618e+02
-2.12116171921e+02
-2.14771144841e+02
-2.17433545489e+02
-2.20102221889e+02
-2.22776327210e+02
-2.25455682754e+02
-2.28140644252e+02
-2.30831638639e+02
-2.33528748826e+02
-2.36231635692e+02
-2.38939794628e+02
-2.41652888128e+02
-2.44370868574e+02
-2.47093808604e+02
-2.49821612125e+02
-2.52553877869e+02
-2.55290054342e+02
-2.58029773653e+02
-2.60773088773e+02
-2.63520398763e+02
-2.66272085822e+02
-2.69028120470e+02
-2.71787933585e+02
-2.74550668518e+02
-2.77315649528e+02
-2.80082740909e+02
-2.82852345170e+02
-2.85625043466e+02
-2.88401130545e+02
-2.91180361155e+02
-2.93962065390e+02
-2.96745529647e+02
-2.99530367245e+02
-3.02316634251e+02
-3.05104644311e+02
