# E_{dir,x} num, $\epsilon_1$ = 1, v = c/400 $\mu$m/s, x = 1$\mu$m, y = 1$\mu$m, 
# b = -2.00$\mu$m, z = 1$\mu$m, plot_fieldE_direct2.2.py
4.89802437547e-04
7.27265879919e-03
3.31150098486e-02
9.17136992295e-02
1.92570128644e-01
3.40072005965e-01
5.36350875828e-01
7.84977261995e-01
1.09250367719e+00
1.46701079157e+00
1.91527307407e+00
2.44101885545e+00
3.04554045872e+00
3.72981762949e+00
4.49613923662e+00
5.34783877370e+00
6.28754129522e+00
7.31567517609e+00
8.43077753482e+00
9.63152764446e+00
1.09188451065e+01
1.22961627567e+01
1.37673721960e+01
1.53338512457e+01
1.69928683925e+01
1.87387572948e+01
2.05662080725e+01
2.24733878596e+01
2.44626435983e+01
2.65382494873e+01
2.87027738334e+01
3.09545979147e+01
3.32882457615e+01
3.56971636893e+01
3.81769191536e+01
4.07266455147e+01
4.33479498760e+01
4.60423231064e+01
4.88090076391e+01
5.16447134863e+01
5.45450784154e+01
5.75065300576e+01
6.05271131634e+01
6.36058433944e+01
6.67413656449e+01
6.99311640635e+01
7.31719859784e+01
7.64610485147e+01
7.97969132303e+01
8.31791874323e+01
8.66071985045e+01
9.00786766213e+01
9.35895473114e+01
9.71351131413e+01
1.00711829307e+02
1.04318383787e+02
1.07955265468e+02
1.11623091134e+02
1.15320854819e+02
1.19045307687e+02
1.22791859415e+02
1.26556326981e+02
1.30336313001e+02
1.34131330085e+02
1.37941709129e+02
1.41767147532e+02
1.45605902877e+02
1.49455075788e+02
1.53311620945e+02
1.57173274898e+02
1.61038774491e+02
1.64907350090e+02
1.68778013885e+02
1.72649234628e+02
1.76519196817e+02
1.80386338982e+02
1.84249659296e+02
1.88108508268e+02
1.91962043021e+02
1.95808815438e+02
1.99646869340e+02
2.03474314216e+02
2.07289953370e+02
2.11093480727e+02
2.14885072864e+02
2.18664651045e+02
2.22431333248e+02
2.26183458971e+02
2.29919158926e+02
2.33637063304e+02
2.37336665625e+02
2.41018123260e+02
2.44681672994e+02
2.48327083235e+02
2.51953496238e+02
2.55559710803e+02
2.59144653280e+02
2.62707693584e+02
2.66248621913e+02
2.69767366766e+02
2.73263702708e+02
2.76737159114e+02
2.80187154319e+02
2.83613202786e+02
2.87015008989e+02
2.90392379824e+02
2.93745048226e+02
2.97072572042e+02
3.00374403196e+02
3.03650076357e+02
3.06899364587e+02
3.10122271780e+02
3.13318857753e+02
3.16489021157e+02
3.19632398629e+02
3.22748453127e+02
3.25836687257e+02
3.28896831197e+02
3.31928879434e+02
3.34932961936e+02
3.37909148889e+02
3.40857323823e+02
3.43777200018e+02
3.46668450660e+02
3.49530851559e+02
3.52364341865e+02
3.55168978271e+02
3.57944833996e+02
3.60691921715e+02
3.63410187408e+02
3.66099562552e+02
3.68760022749e+02
3.71391607013e+02
3.73994391445e+02
3.76568448452e+02
3.79113829412e+02
3.81630583897e+02
3.84118795913e+02
3.86578604291e+02
3.89010189078e+02
3.91413734334e+02
3.93789396228e+02
3.96137300077e+02
3.98457566803e+02
4.00750347510e+02
4.03015840743e+02
4.05254281845e+02
4.07465914628e+02
4.09650966322e+02
4.11809641116e+02
4.13942132049e+02
4.16048638547e+02
4.18129375931e+02
4.20184572243e+02
4.22214457949e+02
4.24219257538e+02
4.26199187688e+02
4.28154459966e+02
4.30085283005e+02
4.31991861581e+02
4.33874394301e+02
4.35733073145e+02
4.37568085524e+02
4.39379615980e+02
4.41167844257e+02
4.42932940031e+02
4.44675058901e+02
4.46394344616e+02
4.48090937685e+02
4.49764984344e+02
4.51416637826e+02
4.53046048919e+02
4.54653351493e+02
4.56238654173e+02
4.57802045710e+02
4.59343613570e+02
4.60863462151e+02
4.62361719008e+02
4.63838523619e+02
4.65294006487e+02
4.66728273568e+02
4.68141407414e+02
4.69533484427e+02
4.70904596161e+02
4.72254860186e+02
4.73584414214e+02
4.74893399632e+02
4.76181947311e+02
4.77450177981e+02
4.78698211010e+02
4.79926179004e+02
4.81134231990e+02
4.82322530495e+02
4.83491234267e+02
4.84640497414e+02
4.85770475141e+02
4.86881336999e+02
4.87973275526e+02
4.89046499615e+02
4.90101220168e+02
