# E_{dir,x} num, $\epsilon_1$ = 1, v = c/400 $\mu$m/s, x = 0$\mu$m, y = 0$\mu$m, 
# b = -2.00$\mu$m, z = 0$\mu$m, plot_fieldE_direct2.2.py
4.93485861721e-04
7.38193415099e-03
3.38578862748e-02
9.44349428911e-02
1.99636652882e-01
3.54870975291e-01
5.63282168716e-01
8.29649827888e-01
1.16213618087e+00
1.57081649027e+00
2.06459483074e+00
2.64919476216e+00
3.32772417912e+00
4.10301255913e+00
4.97948379771e+00
5.96290231090e+00
7.05833109261e+00
8.26830457946e+00
9.59309963306e+00
1.10331610021e+01
1.25917395517e+01
1.42753585678e+01
1.60913144036e+01
1.80438402488e+01
2.01318637204e+01
2.23503301471e+01
2.46944641879e+01
2.71640518160e+01
2.97646295670e+01
3.25045982443e+01
3.53901976345e+01
3.84218308429e+01
4.15942618839e+01
4.49004472173e+01
4.83362365436e+01
5.19027085568e+01
5.56047527616e+01
5.94472256402e+01
6.34315841445e+01
6.75552637989e+01
7.18138491836e+01
7.62040452296e+01
8.07251107207e+01
8.53778882577e+01
9.01625787554e+01
9.50773388572e+01
1.00118940784e+02
1.05284882646e+02
1.10575026224e+02
1.15991158988e+02
1.21534585430e+02
1.27203570809e+02
1.32992774713e+02
1.38895400022e+02
1.44906691259e+02
1.51026261155e+02
1.57257440242e+02
1.63603953999e+02
1.70066186053e+02
1.76639630958e+02
1.83316609016e+02
1.90090025249e+02
1.96956566255e+02
2.03917216086e+02
2.10974924202e+02
2.18131221161e+02
2.25384154388e+02
2.32728783975e+02
2.40159569790e+02
2.47672732076e+02
2.55266929999e+02
2.62942049544e+02
2.70697337570e+02
2.78530465944e+02
2.86438179973e+02
2.94417803056e+02
3.02468169820e+02
3.10589085190e+02
3.18779697953e+02
3.27037163739e+02
3.35356833617e+02
3.43734023986e+02
3.52166123002e+02
3.60653406721e+02
3.69197814089e+02
3.77800431802e+02
3.86459439800e+02
3.95169999107e+02
4.03926204151e+02
4.12723761507e+02
4.21561558064e+02
4.30441090930e+02
4.39364240282e+02
4.48330976216e+02
4.57338533079e+02
4.66382462010e+02
4.75458648700e+02
4.84564814170e+02
4.93700548474e+02
5.02866082292e+02
5.12060881261e+02
5.21283128776e+02
5.30530342700e+02
5.39800447508e+02
5.49092323316e+02
5.58405371890e+02
5.67738515589e+02
5.77089549882e+02
5.86455493786e+02
5.95833751220e+02
6.05223183996e+02
6.14624188310e+02
6.24037593459e+02
6.33463115120e+02
6.42898489124e+02
6.52339965477e+02
6.61783872017e+02
6.71228177331e+02
6.80672969829e+02
6.90119533356e+02
6.99568680071e+02
7.09019491916e+02
7.18469288705e+02
7.27914754334e+02
7.37353368395e+02
7.46784157054e+02
7.56207343222e+02
7.65623283983e+02
7.75031533359e+02
7.84430667798e+02
7.93818868766e+02
8.03194691646e+02
8.12557382587e+02
8.21906543733e+02
8.31241508831e+02
8.40561019220e+02
8.49863514767e+02
8.59147814825e+02
8.68413607380e+02
8.77661285809e+02
8.86891183448e+02
8.96102755142e+02
9.05294343279e+02
9.14463759384e+02
9.23609309121e+02
9.32730542530e+02
9.41828187479e+02
9.50903298479e+02
9.59956206206e+02
9.68985984800e+02
9.77990777169e+02
9.86968715985e+02
9.95918785958e+02
1.00484105847e+03
1.01373620444e+03
1.02260469353e+03
1.03144625884e+03
1.04025995217e+03
1.04904465658e+03
1.05779961271e+03
1.06652456822e+03
1.07521950020e+03
1.08388420347e+03
1.09251811561e+03
1.10112052008e+03
1.10969093370e+03
1.11822932070e+03
1.12673591551e+03
1.13521076388e+03
1.14365334217e+03
1.15206258143e+03
1.16043732414e+03
1.16877690388e+03
1.17708142382e+03
1.18535151269e+03
1.19358771077e+03
1.20178990853e+03
1.20995722649e+03
1.21808841383e+03
1.22618248198e+03
1.23423913817e+03
1.24225874247e+03
1.25024185398e+03
1.25818870629e+03
1.26609896964e+03
1.27397192339e+03
1.28180686482e+03
1.28960343732e+03
1.29736166110e+03
1.30508169669e+03
1.31276356707e+03
1.32040706549e+03
1.32801189976e+03
1.33557792164e+03
1.34310522519e+03
1.35059401730e+03
1.35804436336e+03
1.36545602647e+03
1.37282855461e+03
1.38016157425e+03
