# EELS QE num, $\epsilon_1$ = 1, v = c/400 $\mu$m/s, xD = 0$\mu$m, b = -2.00$\mu$m
# $\epsilon_2$ = 1, $\hbar\mu$ = 0.70eV, $\hbar\gamma$ = 0.0001eV, $z_p=2.00\mu$m
# $\kappa$ = 0.10$\omega_0$, $\kappa_r$ = 0.50$\kappa$, $\omega_0$ =3.00THz
1.05284097154e+20
2.07331112885e+21
5.78598049736e+21
8.92750699866e+21
1.14646909488e+22
1.44319153996e+22
1.82004814108e+22
2.29281474680e+22
2.92113114303e+22
3.79855725840e+22
5.09028331115e+22
7.20892458954e+22
1.12889017796e+23
2.18467519898e+23
1.04296117492e+24
-4.87732279781e+23
-2.24095821093e+23
-1.58476284670e+23
-1.30992105015e+23
-1.18175310298e+23
-1.13205049771e+23
-1.13649547214e+23
-1.18989782114e+23
-1.29897512344e+23
-1.48414183263e+23
-1.79263170414e+23
-2.33703577486e+23
-3.44699647800e+23
-6.66238904612e+23
-7.65397447078e+24
8.62412256116e+23
4.30046178449e+23
3.00384257102e+23
2.41616057558e+23
2.11336137479e+23
1.96252569369e+23
1.91378179642e+23
1.95114840870e+23
2.07983502246e+23
2.32889042171e+23
2.77026579019e+23
3.58512819494e+23
5.34725537456e+23
1.12022237345e+24
-9.93102015075e+24
-9.36070650940e+23
-5.07489462208e+23
-3.60949562861e+23
-2.91020522973e+23
-2.53703623966e+23
-2.34343202155e+23
-2.27208884921e+23
-2.30412131130e+23
-2.44608700522e+23
-2.73380870350e+23
-3.25837659446e+23
-4.25974330749e+23
-6.55698882537e+23
-1.56823353887e+24
3.62314167767e+24
8.50195945357e+23
4.94137354923e+23
3.59488160213e+23
2.92635788606e+23
2.56270246501e+23
2.37265542309e+23
2.30388345243e+23
2.34020788668e+23
2.49097969902e+23
2.79729986146e+23
3.36427222043e+23
4.47959337639e+23
7.21398539150e+23
2.12604679557e+24
-2.10359573251e+24
-7.09549192858e+23
-4.36690722190e+23
-3.24935596638e+23
-2.67664074960e+23
-2.36149027437e+23
-2.19820570170e+23
-2.14443128315e+23
-2.18868465561e+23
-2.34327277300e+23
-2.65294455555e+23
-3.23222060106e+23
-4.40835930037e+23
-7.53214236078e+23
-3.20860817189e+24
1.35989008015e+24
5.65910436324e+23
3.65367982350e+23
2.77747485618e+23
2.31663496728e+23
2.06153312809e+23
1.93218697275e+23
1.89673529954e+23
1.94847763995e+23
2.10213444220e+23
2.40446568227e+23
2.97600225259e+23
