# EELS num, $\epsilon_1$ = 1, v = c/400 $\mu$m/s, xD = 0$\mu$m, b = -2.00$\mu$m
# $\epsilon_2$ = 1, $\hbar\mu$ = 0.70eV, $\hbar\gamma$ = 0.0001eV, $z_p=2.00\mu$m
# $\kappa$ = 0.10$\omega_0$, $\kappa_r$ = 0.50$\kappa$, $\omega_0$ =3.00THz
1.74525435233e+15
3.48076100614e+16
9.92982208180e+16
1.57642932834e+17
2.08017536061e+17
2.66929845026e+17
3.40589059674e+17
4.31983281001e+17
5.52212440830e+17
7.19186376340e+17
9.64865443541e+17
1.36793294538e+18
2.14427968343e+18
4.15419272343e+18
1.98121578658e+19
-9.32455240439e+18
-4.28631188782e+18
-3.03531896818e+18
-2.51392720665e+18
-2.27394818166e+18
-2.18567692859e+18
-2.20340217360e+18
-2.31809727266e+18
-2.54419197517e+18
-2.92377500498e+18
-3.55334405301e+18
-4.66279451688e+18
-6.92587207776e+18
-1.34941629822e+19
-1.59798388256e+20
1.76267690610e+19
8.86531317599e+18
6.23833619372e+18
5.05259496607e+18
4.44832194950e+18
4.15659793598e+18
4.07750639168e+18
4.18080135898e+18
4.48081702639e+18
5.04337032715e+18
6.02849660257e+18
7.83719182627e+18
1.17358148375e+19
2.46361428134e+19
-2.30444706286e+20
-2.09765260538e+19
-1.14064929912e+19
-8.14873754636e+18
-6.60258428796e+18
-5.78646616400e+18
-5.37476478898e+18
-5.24168754281e+18
-5.34827082693e+18
-5.71441488564e+18
-6.42980002204e+18
-7.71819492826e+18
-1.01669260986e+19
-1.57841405446e+19
-3.82486119804e+19
8.59689554734e+19
2.07003078154e+19
1.21457594254e+19
8.90682105892e+18
7.30473161826e+18
6.44295327417e+18
6.00658510302e+18
5.87167612283e+18
6.00296868430e+18
6.42967655215e+18
7.26358960820e+18
8.78507680750e+18
1.17562091580e+19
1.89955254421e+19
5.55244807798e+19
-5.76663528411e+19
-1.93022440186e+19
-1.19204088903e+19
-8.91544598245e+18
-7.38676930188e+18
-6.55763822901e+18
-6.14424502109e+18
-6.03503517495e+18
-6.20360412617e+18
-6.69130588817e+18
-7.63490881804e+18
-9.37985681979e+18
-1.29132451909e+19
-2.23391356928e+19
-9.94762407737e+19
3.96468397034e+19
1.68345438138e+19
1.09872709158e+19
8.42804083992e+18
7.08815160035e+18
6.35740400113e+18
6.00365472031e+18
5.93648499343e+18
6.14117865444e+18
6.66973638753e+18
7.67658373407e+18
9.55371754692e+18
