# omega [THz]     Re(E_{dir,05}) analytic     Re(E_{dir,05}) QE num     Re(E_{dir,05}) sin QE num, $\epsilon_1$ = 1, v = c/300 $\mu$m/s, b = -2$\mu$m
1.00000000000e-02	-0.00000000000e+00	-0.00000000000e+00	-5.82939116846e-22
1.22000000000e-02	-0.00000000000e+00	-0.00000000000e+00	2.65345926463e-21
1.44000000000e-02	-0.00000000000e+00	-0.00000000000e+00	-7.63385845318e-21
1.66000000000e-02	-0.00000000000e+00	-0.00000000000e+00	-1.56634137143e-21
1.88000000000e-02	-0.00000000000e+00	-0.00000000000e+00	1.12472594349e-19
2.10000000000e-02	-0.00000000000e+00	-0.00000000000e+00	4.20798959474e-20
2.32000000000e-02	-0.00000000000e+00	-0.00000000000e+00	-3.91687397608e-20
2.54000000000e-02	-0.00000000000e+00	-0.00000000000e+00	5.68631883898e-20
2.76000000000e-02	-0.00000000000e+00	-0.00000000000e+00	1.58043946400e-19
2.98000000000e-02	-0.00000000000e+00	-0.00000000000e+00	-1.14706990368e-19
3.20000000000e-02	-0.00000000000e+00	-0.00000000000e+00	-6.73781210805e-20
3.42000000000e-02	-0.00000000000e+00	-0.00000000000e+00	-5.28331151715e-19
3.64000000000e-02	-0.00000000000e+00	-0.00000000000e+00	-1.61048936069e-18
3.86000000000e-02	-0.00000000000e+00	-0.00000000000e+00	2.67943548128e-19
4.08000000000e-02	-0.00000000000e+00	-0.00000000000e+00	-2.21088198682e-20
4.30000000000e-02	-0.00000000000e+00	-0.00000000000e+00	-4.08621569297e-20
4.52000000000e-02	-0.00000000000e+00	-0.00000000000e+00	-1.19050370798e-18
4.74000000000e-02	-0.00000000000e+00	-0.00000000000e+00	1.36771631452e-19
4.96000000000e-02	-0.00000000000e+00	-0.00000000000e+00	-4.29859665106e-18
5.18000000000e-02	-0.00000000000e+00	-0.00000000000e+00	1.33231924898e-18
5.40000000000e-02	-0.00000000000e+00	-0.00000000000e+00	8.04776739643e-18
5.62000000000e-02	-0.00000000000e+00	-0.00000000000e+00	-1.07693773582e-18
5.84000000000e-02	-0.00000000000e+00	-0.00000000000e+00	7.81679433977e-19
6.06000000000e-02	-0.00000000000e+00	-0.00000000000e+00	1.77030950709e-18
6.28000000000e-02	-0.00000000000e+00	-0.00000000000e+00	2.34135486737e-18
6.50000000000e-02	-0.00000000000e+00	-0.00000000000e+00	-3.50528536280e-18
6.72000000000e-02	-0.00000000000e+00	-0.00000000000e+00	-2.29814878127e-18
6.94000000000e-02	-0.00000000000e+00	-0.00000000000e+00	-1.97647136546e-18
7.16000000000e-02	-0.00000000000e+00	-0.00000000000e+00	1.05689261614e-18
7.38000000000e-02	-0.00000000000e+00	-0.00000000000e+00	1.92448790223e-16
7.60000000000e-02	-0.00000000000e+00	-0.00000000000e+00	4.03307882753e-20
7.82000000000e-02	-0.00000000000e+00	-0.00000000000e+00	-2.82120249649e-18
8.04000000000e-02	-0.00000000000e+00	-0.00000000000e+00	-1.00343563961e-18
8.26000000000e-02	-0.00000000000e+00	-0.00000000000e+00	6.07754347935e-18
8.48000000000e-02	-0.00000000000e+00	-0.00000000000e+00	6.98107620156e-18
8.70000000000e-02	-0.00000000000e+00	-0.00000000000e+00	-1.88972869181e-18
8.92000000000e-02	-0.00000000000e+00	-0.00000000000e+00	-6.15219393072e-17
9.14000000000e-02	-0.00000000000e+00	-0.00000000000e+00	-3.15782076792e-18
9.36000000000e-02	-0.00000000000e+00	-0.00000000000e+00	2.12488888377e-18
9.58000000000e-02	-0.00000000000e+00	-0.00000000000e+00	7.47631588369e-18
9.80000000000e-02	-0.00000000000e+00	-0.00000000000e+00	4.06633906410e-17
1.00200000000e-01	-0.00000000000e+00	-0.00000000000e+00	1.06468910402e-17
1.02400000000e-01	-0.00000000000e+00	-0.00000000000e+00	2.98086485561e-18
1.04600000000e-01	-0.00000000000e+00	-0.00000000000e+00	7.45988296398e-19
1.06800000000e-01	-0.00000000000e+00	-0.00000000000e+00	6.18180964573e-17
1.09000000000e-01	-0.00000000000e+00	-0.00000000000e+00	-2.49656296675e-19
1.11200000000e-01	-0.00000000000e+00	-0.00000000000e+00	-1.38224851101e-18
1.13400000000e-01	-0.00000000000e+00	-0.00000000000e+00	-6.21272252700e-17
1.15600000000e-01	-0.00000000000e+00	-0.00000000000e+00	-1.22415321701e-18
1.17800000000e-01	-0.00000000000e+00	-0.00000000000e+00	2.00844729329e-17
1.20000000000e-01	-0.00000000000e+00	-0.00000000000e+00	4.43242147767e-17
1.22200000000e-01	-0.00000000000e+00	-0.00000000000e+00	-1.75568541769e-17
1.24400000000e-01	-0.00000000000e+00	-0.00000000000e+00	4.03328972635e-17
1.26600000000e-01	-0.00000000000e+00	-0.00000000000e+00	-6.65001807551e-18
1.28800000000e-01	-0.00000000000e+00	-0.00000000000e+00	-1.31553575118e-16
1.31000000000e-01	-0.00000000000e+00	-0.00000000000e+00	3.93002657540e-17
1.33200000000e-01	-0.00000000000e+00	-0.00000000000e+00	7.25813383072e-17
1.35400000000e-01	-0.00000000000e+00	-0.00000000000e+00	4.88911946501e-17
1.37600000000e-01	-0.00000000000e+00	-0.00000000000e+00	5.19460911172e-18
1.39800000000e-01	-0.00000000000e+00	-0.00000000000e+00	-4.97176952175e-18
1.42000000000e-01	-0.00000000000e+00	-0.00000000000e+00	-2.95524305201e-18
1.44200000000e-01	-0.00000000000e+00	-0.00000000000e+00	7.81834104347e-18
1.46400000000e-01	-0.00000000000e+00	-0.00000000000e+00	6.01392792679e-17
1.48600000000e-01	-0.00000000000e+00	-0.00000000000e+00	-8.36475798070e-16
1.50800000000e-01	-0.00000000000e+00	-0.00000000000e+00	5.93815977682e-18
1.53000000000e-01	-0.00000000000e+00	-0.00000000000e+00	5.44487909207e-17
1.55200000000e-01	-0.00000000000e+00	-0.00000000000e+00	-1.70411642096e-17
1.57400000000e-01	-0.00000000000e+00	-0.00000000000e+00	-6.71005965929e-15
1.59600000000e-01	-0.00000000000e+00	-0.00000000000e+00	-5.88659807160e-16
1.61800000000e-01	-0.00000000000e+00	-0.00000000000e+00	1.34480260510e-16
1.64000000000e-01	-0.00000000000e+00	-0.00000000000e+00	2.80450400145e-15
1.66200000000e-01	-0.00000000000e+00	-0.00000000000e+00	-3.48541897824e-16
1.68400000000e-01	-0.00000000000e+00	-0.00000000000e+00	2.98395658487e-15
1.70600000000e-01	-0.00000000000e+00	-0.00000000000e+00	1.74923892214e-16
1.72800000000e-01	-0.00000000000e+00	-0.00000000000e+00	8.79307813848e-17
1.75000000000e-01	-0.00000000000e+00	-0.00000000000e+00	5.05929765416e-18
