# omega [THz]     Re(E_{dir,06}) analytic     Re(E_{dir,06}) QE num     Re(E_{dir,06}) sin QE num, $\epsilon_1$ = 1, v = c/300 $\mu$m/s, b = -2$\mu$m
1.00000000000e-02	0.00000000000e+00	0.00000000000e+00	-2.73932871104e-22
1.22000000000e-02	0.00000000000e+00	0.00000000000e+00	1.24690396997e-21
1.44000000000e-02	0.00000000000e+00	0.00000000000e+00	-3.58727204265e-21
1.66000000000e-02	0.00000000000e+00	0.00000000000e+00	-7.36049758907e-22
1.88000000000e-02	0.00000000000e+00	0.00000000000e+00	5.28527364574e-20
2.10000000000e-02	0.00000000000e+00	0.00000000000e+00	1.97740551236e-20
2.32000000000e-02	0.00000000000e+00	0.00000000000e+00	-1.84060490973e-20
2.54000000000e-02	0.00000000000e+00	0.00000000000e+00	2.67209755870e-20
2.76000000000e-02	0.00000000000e+00	0.00000000000e+00	7.42675371177e-20
2.98000000000e-02	0.00000000000e+00	0.00000000000e+00	-5.39027627014e-20
3.20000000000e-02	0.00000000000e+00	0.00000000000e+00	-3.16620926430e-20
3.42000000000e-02	0.00000000000e+00	0.00000000000e+00	-2.48271519103e-19
3.64000000000e-02	0.00000000000e+00	0.00000000000e+00	-7.56796086244e-19
3.86000000000e-02	0.00000000000e+00	0.00000000000e+00	1.25912233760e-19
4.08000000000e-02	0.00000000000e+00	0.00000000000e+00	-1.03893252973e-20
4.30000000000e-02	0.00000000000e+00	0.00000000000e+00	-1.92017688311e-20
4.52000000000e-02	0.00000000000e+00	0.00000000000e+00	-5.59435126199e-19
4.74000000000e-02	0.00000000000e+00	0.00000000000e+00	6.42704538704e-20
4.96000000000e-02	0.00000000000e+00	0.00000000000e+00	-2.01998983481e-18
5.18000000000e-02	0.00000000000e+00	0.00000000000e+00	6.26081252573e-19
5.40000000000e-02	0.00000000000e+00	0.00000000000e+00	3.78178271560e-18
5.62000000000e-02	0.00000000000e+00	0.00000000000e+00	-5.06071907708e-19
5.84000000000e-02	0.00000000000e+00	0.00000000000e+00	3.67348900575e-19
6.06000000000e-02	0.00000000000e+00	0.00000000000e+00	8.31900890669e-19
6.28000000000e-02	0.00000000000e+00	0.00000000000e+00	1.10024566228e-18
6.50000000000e-02	0.00000000000e+00	0.00000000000e+00	-1.64721569590e-18
6.72000000000e-02	0.00000000000e+00	0.00000000000e+00	-1.07993990829e-18
6.94000000000e-02	0.00000000000e+00	0.00000000000e+00	-9.28776422290e-19
7.16000000000e-02	0.00000000000e+00	0.00000000000e+00	4.96644940862e-19
7.38000000000e-02	0.00000000000e+00	0.00000000000e+00	9.04350653267e-17
7.60000000000e-02	0.00000000000e+00	0.00000000000e+00	1.89529183981e-20
7.82000000000e-02	0.00000000000e+00	0.00000000000e+00	-1.32572246246e-18
8.04000000000e-02	0.00000000000e+00	0.00000000000e+00	-4.71531413825e-19
8.26000000000e-02	0.00000000000e+00	0.00000000000e+00	2.85596997995e-18
8.48000000000e-02	0.00000000000e+00	0.00000000000e+00	3.28054908940e-18
8.70000000000e-02	0.00000000000e+00	0.00000000000e+00	-8.88019602420e-19
8.92000000000e-02	0.00000000000e+00	0.00000000000e+00	-2.89103696719e-17
9.14000000000e-02	0.00000000000e+00	0.00000000000e+00	-1.48391474252e-18
9.36000000000e-02	0.00000000000e+00	0.00000000000e+00	9.98507650566e-19
9.58000000000e-02	0.00000000000e+00	0.00000000000e+00	3.51327874428e-18
9.80000000000e-02	0.00000000000e+00	0.00000000000e+00	1.91085886838e-17
1.00200000000e-01	0.00000000000e+00	0.00000000000e+00	5.00319527024e-18
1.02400000000e-01	0.00000000000e+00	0.00000000000e+00	1.40077478673e-18
1.04600000000e-01	0.00000000000e+00	0.00000000000e+00	3.50556841757e-19
1.06800000000e-01	0.00000000000e+00	0.00000000000e+00	2.90494598925e-17
1.09000000000e-01	0.00000000000e+00	0.00000000000e+00	-1.17241215700e-19
1.11200000000e-01	0.00000000000e+00	0.00000000000e+00	-6.49561350331e-19
1.13400000000e-01	0.00000000000e+00	0.00000000000e+00	-2.91942879408e-17
1.15600000000e-01	0.00000000000e+00	0.00000000000e+00	-5.75256199495e-19
1.17800000000e-01	0.00000000000e+00	0.00000000000e+00	9.43804580586e-18
1.20000000000e-01	0.00000000000e+00	0.00000000000e+00	2.08290168886e-17
1.22200000000e-01	0.00000000000e+00	0.00000000000e+00	-8.25038714331e-18
1.24400000000e-01	0.00000000000e+00	0.00000000000e+00	1.89533953589e-17
1.26600000000e-01	0.00000000000e+00	0.00000000000e+00	-3.12498925631e-18
1.28800000000e-01	0.00000000000e+00	0.00000000000e+00	-6.18194334406e-17
1.31000000000e-01	0.00000000000e+00	0.00000000000e+00	1.84688651992e-17
1.33200000000e-01	0.00000000000e+00	0.00000000000e+00	3.41079831829e-17
1.35400000000e-01	0.00000000000e+00	0.00000000000e+00	2.29754969881e-17
1.37600000000e-01	0.00000000000e+00	0.00000000000e+00	2.44166079473e-18
1.39800000000e-01	0.00000000000e+00	0.00000000000e+00	-2.33633324458e-18
1.42000000000e-01	0.00000000000e+00	0.00000000000e+00	-1.38875319767e-18
1.44200000000e-01	0.00000000000e+00	0.00000000000e+00	3.67377053565e-18
1.46400000000e-01	0.00000000000e+00	0.00000000000e+00	2.82605837393e-17
1.48600000000e-01	0.00000000000e+00	0.00000000000e+00	-3.93074290445e-16
1.50800000000e-01	0.00000000000e+00	0.00000000000e+00	2.79016314786e-18
1.53000000000e-01	0.00000000000e+00	0.00000000000e+00	2.55870099778e-17
1.55200000000e-01	0.00000000000e+00	0.00000000000e+00	-8.00825521316e-18
1.57400000000e-01	0.00000000000e+00	0.00000000000e+00	-3.15286702562e-15
1.59600000000e-01	0.00000000000e+00	0.00000000000e+00	-2.76627008946e-16
1.61800000000e-01	0.00000000000e+00	0.00000000000e+00	6.31962494045e-17
1.64000000000e-01	0.00000000000e+00	0.00000000000e+00	1.31786750968e-15
1.66200000000e-01	0.00000000000e+00	0.00000000000e+00	-1.63774945480e-16
1.68400000000e-01	0.00000000000e+00	0.00000000000e+00	1.40222146347e-15
1.70600000000e-01	0.00000000000e+00	0.00000000000e+00	8.22035598818e-17
1.72800000000e-01	0.00000000000e+00	0.00000000000e+00	4.13231398940e-17
1.75000000000e-01	0.00000000000e+00	0.00000000000e+00	2.37733399884e-18
