# E_{dir,x} num, $\epsilon_1$ = 1, v = c/400 $\mu$m/s, x = 1$\mu$m, y = 1$\mu$m, 
# b = -2.00$\mu$m, z = 0$\mu$m, plot_fieldE_direct2.2.py
4.93478541034e-04
7.38150906012e-03
3.38537084309e-02
9.44155614343e-02
1.99577605711e-01
3.54732497313e-01
5.63006561603e-01
8.29152115555e-01
1.16128567385e+00
1.56941571990e+00
2.06236649998e+00
2.64578042870e+00
3.32268538146e+00
4.09581954095e+00
4.96948741283e+00
5.94930361008e+00
7.04017114723e+00
8.24448133847e+00
9.56238854109e+00
1.09941999453e+01
1.25429590224e+01
1.42148866979e+01
1.60169243931e+01
1.79529941429e+01
2.00218382924e+01
2.22183344705e+01
2.45376399465e+01
2.69793165059e+01
2.95484401786e+01
3.22527909350e+01
3.50980269221e+01
3.80841987089e+01
4.12059845327e+01
4.44563654907e+01
4.78310770709e+01
5.13307799039e+01
5.49596829382e+01
5.87219184525e+01
6.26184097802e+01
6.66463265539e+01
7.08011265785e+01
7.50793060221e+01
7.94797025884e+01
8.40025885387e+01
8.86476369660e+01
9.34126602544e+01
9.82942196589e+01
1.03289521408e+02
1.08397863009e+02
1.13620222124e+02
1.18957122141e+02
1.24406408356e+02
1.29962794809e+02
1.35619764734e+02
1.41372590320e+02
1.47220288715e+02
1.53165010277e+02
1.59209187399e+02
1.65352401517e+02
1.71590146020e+02
1.77915316722e+02
1.84321345875e+02
1.90804800130e+02
1.97365740396e+02
2.04005780491e+02
2.10725355300e+02
2.17522107856e+02
2.24391335077e+02
2.31327899636e+02
2.38328069786e+02
2.45390015341e+02
2.52512847297e+02
2.59695188396e+02
2.66934479662e+02
2.74227483010e+02
2.81571400548e+02
2.88964546975e+02
2.96405940716e+02
3.03894133569e+02
3.11426281160e+02
3.18998308534e+02
3.26606162081e+02
3.34247247173e+02
3.41920940923e+02
3.49627720212e+02
3.57367469382e+02
3.65138155722e+02
3.72935814930e+02
3.80755857860e+02
3.88594782143e+02
3.96451117332e+02
4.04325009363e+02
4.12216812951e+02
4.20125706751e+02
4.28049243162e+02
4.35984020466e+02
4.43926882682e+02
4.51875768263e+02
4.59829692690e+02
4.67788030963e+02
4.75749736778e+02
4.83713077316e+02
4.91675982282e+02
4.99636614620e+02
5.07593646499e+02
5.15546027591e+02
5.23492484840e+02
5.31431218910e+02
5.39360090185e+02
5.47277171108e+02
5.55181225216e+02
5.63071710940e+02
5.70948269085e+02
5.78810053321e+02
5.86655393155e+02
5.94482041306e+02
6.02287834503e+02
6.10071304768e+02
6.17831826023e+02
6.25569220368e+02
6.33283122611e+02
6.40972543571e+02
6.48635899489e+02
6.56271434167e+02
6.63877705830e+02
6.71453810667e+02
6.78999240179e+02
6.86513533986e+02
6.93996002024e+02
7.01445691786e+02
7.08861569016e+02
7.16242731208e+02
7.23588483806e+02
7.30898247210e+02
7.38171404164e+02
7.45407231015e+02
7.52604968995e+02
7.59763966466e+02
7.66883764836e+02
7.73964051535e+02
7.81004514602e+02
7.88004712237e+02
7.94964056635e+02
8.01881921003e+02
8.08757786586e+02
8.15591322919e+02
8.22382351358e+02
8.29130729478e+02
8.35836244301e+02
8.42498583191e+02
8.49117386107e+02
8.55692326180e+02
8.62223157437e+02
8.68709705999e+02
8.75151827367e+02
8.81549370390e+02
8.87902170758e+02
8.94210065792e+02
9.00472907287e+02
9.06690559452e+02
9.12862889631e+02
9.18989767549e+02
9.25071076962e+02
9.31106725718e+02
9.37096637059e+02
9.43040722750e+02
9.48938861236e+02
9.54790907623e+02
9.60596738340e+02
9.66356299421e+02
9.72069614436e+02
9.77736732852e+02
9.83357647246e+02
9.88932240547e+02
9.94460311530e+02
9.99941672259e+02
1.00537625384e+03
1.01076414361e+03
1.01610552013e+03
1.02140052691e+03
1.02664917210e+03
1.03185132587e+03
1.03700681766e+03
1.04211556381e+03
1.04717763555e+03
1.05219322366e+03
1.05716253321e+03
1.06208569076e+03
1.06696273083e+03
1.07179366236e+03
1.07657855350e+03
1.08131756235e+03
1.08601089133e+03
1.09065870964e+03
1.09526111752e+03
1.09981819115e+03
1.10433007676e+03
1.10879705386e+03
1.11321950414e+03
1.11759779509e+03
