# E_{dir,x} QE num, $\epsilon_1$ = 1, v = c/400 $\mu$m/s, x = 1$\mu$m, y = 1$\mu$m, 
# b = -2.00$\mu$m, z = 0$\mu$m, plot_fieldE_direct2.2.py
-6.18170383312e-08
-6.90508571765e-06
-9.45734782647e-05
-5.16772590152e-04
-1.60743350567e-03
-3.25102107433e-03
-4.33480079877e-03
-3.11321153458e-03
1.12765409043e-03
6.22639566644e-03
7.25674812577e-03
-2.89260675492e-04
-1.59396507357e-02
-3.22442906517e-02
-3.83571182711e-02
-2.79606298527e-02
-5.86416891960e-03
1.28104313288e-02
1.19531880897e-02
-1.36608906457e-02
-5.31383361183e-02
-8.59485787688e-02
-9.61998896596e-02
-8.40286693680e-02
-6.49688893741e-02
-5.75444675097e-02
-6.91576569793e-02
-9.21287411779e-02
-1.13256090037e-01
-1.28195483637e-01
-1.46858633507e-01
-1.83286036968e-01
-2.37838935011e-01
-2.88686310581e-01
-3.04130165475e-01
-2.69887594878e-01
-2.09847802919e-01
-1.79454990912e-01
-2.30142957861e-01
-3.67732509200e-01
-5.37408976828e-01
-6.52328060365e-01
-6.51081682338e-01
-5.44687381815e-01
-4.16875624795e-01
-3.72784532214e-01
-4.69070003942e-01
-6.74319965915e-01
-8.88984634081e-01
-1.01184688547e+00
-1.00628359088e+00
-9.19835528332e-01
-8.45206801946e-01
-8.53787420800e-01
-9.51501208493e-01
-1.08723089920e+00
-1.20205772820e+00
-1.27645071472e+00
-1.33692479557e+00
-1.41954977710e+00
-1.52532834870e+00
-1.61025922840e+00
-1.62333280045e+00
-1.56241352723e+00
-1.49745352093e+00
-1.53236079326e+00
-1.72643641381e+00
-2.03447902312e+00
-2.31836389353e+00
-2.43262239067e+00
-2.32842592694e+00
-2.09981622320e+00
-1.93226300289e+00
-1.98297710510e+00
-2.27422522412e+00
-2.67532117090e+00
-2.98787742997e+00
-3.07588096587e+00
-2.95064111597e+00
-2.75387685789e+00
-2.65548537863e+00
-2.74169609792e+00
-2.97148009583e+00
-3.22472072918e+00
-3.39745828255e+00
-3.46916547648e+00
-3.49550231947e+00
-3.54233807652e+00
-3.62256293665e+00
-3.69054900785e+00
-3.69700868676e+00
-3.65312230381e+00
-3.64228639601e+00
-3.76061470848e+00
-4.02946331000e+00
-4.35344823319e+00
-4.56821691090e+00
-4.55326223411e+00
-4.32937000987e+00
-4.06346974569e+00
-3.96739385660e+00
-4.15579669027e+00
-4.56290530434e+00
-4.97990532753e+00
-5.19030359636e+00
-5.11073837102e+00
-4.84071360852e+00
-4.58961291498e+00
-4.53552771090e+00
-4.71534778078e+00
-5.01813352483e+00
-5.27674347323e+00
-5.38426152499e+00
-5.35129879830e+00
-5.27173238848e+00
-5.23540423791e+00
-5.26188131854e+00
-5.30470899068e+00
-5.31370902739e+00
-5.29500061147e+00
-5.31280396019e+00
-5.42895536545e+00
-5.63208584002e+00
-5.82174512973e+00
-5.87081587434e+00
-5.72468666391e+00
-5.45999856779e+00
-5.25009002515e+00
-5.25275187183e+00
-5.49721996990e+00
-5.85359184286e+00
-6.11179673153e+00
-6.11881117861e+00
-5.87970723095e+00
-5.55259953355e+00
-5.34212684174e+00
-5.36654287706e+00
-5.58921661093e+00
-5.85658899317e+00
-6.00870591883e+00
-5.98095748655e+00
-5.82904159014e+00
-5.66982026482e+00
-5.59120031811e+00
-5.60010413902e+00
-5.64073687688e+00
-5.65776798128e+00
-5.64656187475e+00
-5.64889284236e+00
-5.70182519561e+00
-5.78825809636e+00
-5.83664785165e+00
-5.77567314197e+00
-5.60132873402e+00
-5.39900916625e+00
-5.29519900422e+00
-5.36855980796e+00
-5.58541977442e+00
-5.81117069797e+00
-5.89516321187e+00
-5.77203082375e+00
-5.50812475330e+00
-5.25934498770e+00
-5.16903574525e+00
-5.27638953427e+00
-5.49703213242e+00
-5.68549261145e+00
-5.73256044678e+00
-5.62966084269e+00
-5.46032282468e+00
-5.33266304782e+00
-5.30623588422e+00
-5.36435438522e+00
-5.44418846124e+00
-5.49330599114e+00
-5.50578654749e+00
-5.51290170523e+00
-5.54265660417e+00
-5.58703993307e+00
-5.60685624433e+00
-5.57026536293e+00
-5.49100692608e+00
-5.43067933205e+00
-5.45803077756e+00
-5.59423221054e+00
-5.78745287191e+00
-5.94035915803e+00
-5.97463057519e+00
-5.88727587130e+00
-5.75724173655e+00
-5.69556627991e+00
-5.77276216703e+00
-5.97351107004e+00
-6.20925248573e+00
-6.37841158659e+00
-6.43159626202e+00
-6.39789494165e+00
-6.35785945874e+00
-6.38629452958e+00
-6.50646587669e+00
