# E_{ref,x} num, $\epsilon_1$ = 1, v = c/400 $\mu$m/s, x = 1$\mu$m, y = 1$\mu$m, b = -2.00$\mu$m
# $\epsilon_2$ = 1, $\hbar\mu$ = 0.70eV, $\hbar\gamma$ = 0.0001eV, $z_p=2.00\mu$m
1.97968975633e-10
-6.45680044816e-09
-1.58268567057e-07
-1.22733173201e-06
-5.71680221164e-06
-1.95762596471e-05
-5.43423997132e-05
-1.29334013501e-04
-2.73430342516e-04
-5.25964614985e-04
-9.36373493132e-04
-1.56244071208e-03
-2.46722385904e-03
-3.71501013851e-03
-5.36686045686e-03
-7.47642800696e-03
-1.00867489814e-02
-1.32285903584e-02
-1.69207162507e-02
-2.11721337436e-02
-2.59860500777e-02
-3.13649709368e-02
-3.73161474795e-02
-4.38564789772e-02
-5.10160208934e-02
-5.88394340715e-02
-6.73850147269e-02
-7.67213221004e-02
-8.69218123519e-02
-9.80582306332e-02
-1.10193751131e-01
-1.23376945188e-01
-1.37637580611e-01
-1.52985017185e-01
-1.69409595981e-01
-1.86886976355e-01
-2.05384920945e-01
-2.24871635202e-01
-2.45324496366e-01
-2.66737902316e-01
-2.89129053984e-01
-3.12540748393e-01
-3.37040667807e-01
-3.62717146188e-01
-3.89671905090e-01
-4.18010701671e-01
-4.47833153500e-01
-4.79223148523e-01
-5.12241189353e-01
-5.46919764654e-01
-5.83262421188e-01
-6.21246687367e-01
-6.60830447831e-01
-7.01960868767e-01
-7.44584598855e-01
-7.88657776624e-01
-8.34154391638e-01
-8.81071773844e-01
-9.29432391446e-01
-9.79281665494e-01
-1.03068208366e+00
-1.08370443370e+00
-1.13841740126e+00
-1.19487702471e+00
-1.25311753594e+00
-1.31314493257e+00
-1.37493425066e+00
-1.43843098991e+00
-1.50355655837e+00
-1.57021703518e+00
-1.63831407772e+00
-1.70775649145e+00
-1.77847088071e+00
-1.85040992110e+00
-1.92355712142e+00
-1.99792742954e+00
-2.07356361269e+00
-2.15052892809e+00
-2.22889711078e+00
-2.30874107200e+00
-2.39012187106e+00
-2.47307947402e+00
-2.55762655225e+00
-2.64374613913e+00
-2.73139341782e+00
-2.82050133289e+00
-2.91098918566e+00
-3.00277296278e+00
-3.09577591465e+00
-3.18993787825e+00
-3.28522202734e+00
-3.38161810557e+00
-3.47914169937e+00
-3.57782966773e+00
-3.67773238553e+00
-3.77890390053e+00
-3.88139139081e+00
-3.98522540010e+00
-4.09041221262e+00
-4.19692942467e+00
-4.30472532104e+00
-4.41372213535e+00
-4.52382273739e+00
-4.63491982382e+00
-4.74690635376e+00
-4.85968581335e+00
-4.97318093324e+00
-5.08733971198e+00
-5.20213798202e+00
-5.31757823904e+00
-5.43368497098e+00
-5.55049719788e+00
-5.66805930419e+00
-5.78641145959e+00
-5.90558095717e+00
-6.02557564614e+00
-6.14638032419e+00
-6.26795652821e+00
-6.39024568184e+00
-6.51317509158e+00
-6.63666589482e+00
-6.76064180521e+00
-6.88503740712e+00
-7.00980483224e+00
-7.13491789266e+00
-7.26037311143e+00
-7.38618752946e+00
-7.51239361618e+00
-7.63903200763e+00
-7.76614308626e+00
-7.89375856308e+00
-8.02189420700e+00
-8.15054469369e+00
-8.27968124270e+00
-8.40925232183e+00
-8.53918727629e+00
-8.66940234588e+00
-8.79980821999e+00
-8.93031808884e+00
-9.06085510454e+00
-9.19135826974e+00
-9.32178600894e+00
-9.45211701038e+00
-9.58234831054e+00
-9.71249097087e+00
-9.84256401893e+00
-9.97258754870e+00
-1.01025759693e+01
-1.02325323475e+01
-1.03624446165e+01
-1.04922841467e+01
-1.06220068360e+01
-1.07515565232e+01
-1.08808702099e+01
-1.10098843334e+01
-1.11385412003e+01
-1.12667946862e+01
-1.13946144184e+01
-1.15219878849e+01
-1.16489202010e+01
-1.17754315957e+01
-1.19015529827e+01
-1.20273202404e+01
-1.21527679840e+01
-1.22779236657e+01
-1.24028027793e+01
-1.25274057740e+01
-1.26517170408e+01
-1.27757060429e+01
-1.28993303707e+01
-1.30225402464e+01
-1.31452838211e+01
-1.32675125149e+01
-1.33891856688e+01
-1.35102738902e+01
-1.36307606720e+01
-1.37506421128e+01
-1.38699248344e+01
-1.39886224379e+01
-1.41067510337e+01
-1.42243244974e+01
-1.43413501236e+01
-1.44578252817e+01
-1.45737355258e+01
-1.46890543989e+01
-1.48037449358e+01
-1.49177626321e+01
-1.50310594554e+01
-1.51435883348e+01
-1.52553075165e+01
-1.53661842028e+01
-1.54761969990e+01
-1.55853368719e+01
-1.56936065226e+01
-1.58010183023e+01
-1.59075909860e+01
-1.60133458688e+01
-1.61183027268e+01
-1.62224761880e+01
-1.63258729870e+01
