# p_{tot,x} QE num, $\epsilon_1$ = 1, v = c/400 $\mu$m/s, x = 0$\mu$m, y = 0$\mu$m, b = -2.00$\mu$m
# $\epsilon_2$ = 1, $\hbar\mu$ = 0.70eV, $\hbar\gamma$ = 0.0001eV, $z_p=2.00\mu$m, z = 0$\mu$m
# $\kappa$ = 0.10$\omega_0$, $\kappa_r$ = 0.50$\kappa$, $\omega_0$ =0.10THz
-4.07598134915e-04
-3.87489125936e-04
-3.58321902160e-04
-3.23992006555e-04
-2.88551928697e-04
-2.55426743375e-04
-2.26900481241e-04
-2.03968878347e-04
-1.86530201386e-04
-1.73788588167e-04
-1.64704590951e-04
-1.58350792892e-04
-1.54097506080e-04
-1.51631933120e-04
-1.50872302085e-04
-1.51858637832e-04
-1.54685086605e-04
-1.59501379984e-04
-1.66575279834e-04
-1.76391651923e-04
-1.89775258710e-04
-2.08063726965e-04
-2.33429238484e-04
-2.69593431467e-04
-3.23578977333e-04
-4.10569809250e-04
-5.70664081165e-04
-9.54711609600e-04
-3.04802005873e-03
2.51442401718e-03
8.91875099752e-04
5.45308523810e-04
3.95662935062e-04
3.13032372780e-04
2.61222201436e-04
2.26192514043e-04
2.01373236781e-04
1.83284106351e-04
1.69912483558e-04
1.60022511957e-04
1.52829787213e-04
1.47833880219e-04
1.44724358979e-04
1.43325258244e-04
1.43564113447e-04
1.45460227242e-04
1.49129782891e-04
1.54807132856e-04
1.62885190778e-04
1.73985825020e-04
1.89087029954e-04
2.09766822695e-04
2.38703470629e-04
2.80795244912e-04
3.46003421687e-04
4.58062760241e-04
6.90617205860e-04
1.44295380285e-03
-1.36743803828e-02
-1.18812758166e-03
-6.23533467343e-04
-4.25397365883e-04
-3.25304712584e-04
-2.65586637553e-04
-2.26438631868e-04
-1.99236419231e-04
-1.79631683955e-04
-1.65205045858e-04
-1.54516003338e-04
-1.46667792609e-04
-1.41088835677e-04
-1.37415524448e-04
-1.35427373213e-04
-1.35012136887e-04
-1.36150053798e-04
-1.38912133435e-04
-1.43471305870e-04
-1.50129259757e-04
-1.59367469011e-04
-1.71940834265e-04
-1.89052948001e-04
-2.12700933538e-04
-2.46409095768e-04
-2.96973898856e-04
-3.79327956688e-04
-5.33785984405e-04
-9.19533815887e-04
-3.47810536869e-03
1.93255409606e-03
7.58601476385e-04
4.74911605946e-04
3.48340010804e-04
2.77413011624e-04
2.32605091451e-04
2.02184830615e-04
1.80576454985e-04
1.64802133974e-04
1.53138722133e-04
1.44532488217e-04
1.38316512775e-04
1.34063903447e-04
1.31508075502e-04
1.30499137303e-04
1.30981646000e-04
1.32986893041e-04
1.36637515039e-04
1.42165880697e-04
1.49951919101e-04
1.60592896822e-04
1.75031451731e-04
1.94799843770e-04
2.22518980408e-04
2.63022110765e-04
3.26250603106e-04
4.36336588842e-04
6.70802758310e-04
1.49023746043e-03
-6.32767242644e-03
-1.01315302940e-03
-5.53576899879e-04
-3.83600333751e-04
-2.95932903023e-04
-2.43053224733e-04
-2.08162672723e-04
-1.83823751475e-04
-1.66248030557e-04
-1.53313880665e-04
-1.43752198885e-04
-1.36769934546e-04
-1.31860543691e-04
-1.28702782539e-04
-1.27105055767e-04
-1.26975494907e-04
-1.28308479406e-04
-1.31183848719e-04
-1.35778705460e-04
-1.42395234070e-04
-1.51513094710e-04
-1.63884684817e-04
-1.80712780643e-04
-2.04001384683e-04
-2.37309304353e-04
-2.87567177571e-04
-3.70239124004e-04
-5.28177499275e-04
-9.40111599718e-04
-4.51209255507e-03
1.60432638475e-03
6.84241175060e-04
4.37965920870e-04
3.24741504711e-04
2.60371127734e-04
2.19369944048e-04
1.91398244797e-04
1.71477335155e-04
1.56924551323e-04
1.46177676291e-04
1.38277374081e-04
1.32615593618e-04
1.28804256318e-04
1.26603622451e-04
1.25883020737e-04
1.26601110814e-04
1.28799910298e-04
1.32610937735e-04
1.38275162869e-04
1.46182615465e-04
1.56944659957e-04
1.71526636837e-04
1.91502398875e-04
2.19578958305e-04
2.60791339033e-04
3.25629701847e-04
4.40080535042e-04
6.90808663401e-04
1.64971931243e-03
-4.12635059267e-03
-9.18890326388e-04
-5.20303478713e-04
-3.65779974002e-04
-2.84512983383e-04
-2.34978541551e-04
-2.02093937083e-04
-1.79073169658e-04
-1.62422739238e-04
-1.50171874416e-04
-1.41136158594e-04
-1.34573874845e-04
-1.30011735587e-04
-1.27151370445e-04
-1.25817899672e-04
-1.25932633629e-04
-1.27501493712e-04
-1.30615840690e-04
-1.35465910723e-04
-1.42370683685e-04
-1.51833492223e-04
-1.64643178241e-04
-1.82063628726e-04
-2.06210721961e-04
