# p_{tot,x} num, $\epsilon_1$ = 1, v = c/400 $\mu$m/s, x = 0$\mu$m, y = 0$\mu$m, b = -2.00$\mu$m
# $\epsilon_2$ = 1, $\hbar\mu$ = 0.70eV, $\hbar\gamma$ = 0.0001eV, $z_p=2.00\mu$m, z = 0$\mu$m
# $\kappa$ = 0.10$\omega_0$, $\kappa_r$ = 0.50$\kappa$, $\omega_0$ =0.10THz
-4.07148656881e-04
-3.87127834952e-04
-3.58080970706e-04
-3.23893503631e-04
-2.88607057337e-04
-2.55637562444e-04
-2.27262718168e-04
-2.04474645919e-04
-1.87169758680e-04
-1.74550841020e-04
-1.65576576381e-04
-1.59316715810e-04
-1.55137903445e-04
-1.52723290710e-04
-1.51987104515e-04
-1.52965565412e-04
-1.55748979713e-04
-1.60482655360e-04
-1.67428590956e-04
-1.77063583893e-04
-1.90200587532e-04
-2.08159086439e-04
-2.33081565138e-04
-2.68637173583e-04
-3.21746871485e-04
-4.07371663576e-04
-5.65018292673e-04
-9.43308959635e-04
-3.00559367246e-03
2.47480879211e-03
8.76267942098e-04
5.34890471834e-04
3.87521647050e-04
3.06170966627e-04
2.55177613579e-04
2.20709182833e-04
1.96293152522e-04
1.78501215794e-04
1.65350877207e-04
1.55624785519e-04
1.48550266276e-04
1.43634377789e-04
1.40571314917e-04
1.39187610015e-04
1.39411481061e-04
1.41261118309e-04
1.44849581372e-04
1.50405619272e-04
1.58313218299e-04
1.69180479731e-04
1.83963997815e-04
2.04207413411e-04
2.32530776931e-04
2.73726130864e-04
3.37539234822e-04
4.47192234059e-04
6.74739943356e-04
1.41085684602e-03
-1.33795961654e-02
-1.16343208013e-03
-6.11017790688e-04
-4.17151289704e-04
-3.19212739824e-04
-2.60778176801e-04
-2.22470629447e-04
-1.95851961455e-04
-1.76667619919e-04
-1.62550305307e-04
-1.52090479337e-04
-1.44410668067e-04
-1.38951651405e-04
-1.35357772761e-04
-1.33413473125e-04
-1.33009151818e-04
-1.34125761041e-04
-1.36833165845e-04
-1.41301104096e-04
-1.47825506799e-04
-1.56878505663e-04
-1.69200194754e-04
-1.85970394908e-04
-2.09146638153e-04
-2.42183259855e-04
-2.91741739463e-04
-3.72458087687e-04
-5.23846184681e-04
-9.01929361937e-04
-3.40966040827e-03
1.89350848076e-03
7.42871820046e-04
4.64816737910e-04
3.40759003622e-04
2.71240484182e-04
2.27322144852e-04
1.97505561499e-04
1.76325647326e-04
1.60863636054e-04
1.49430519448e-04
1.40993404375e-04
1.34898514224e-04
1.30727304377e-04
1.28218312487e-04
1.27224402009e-04
1.27690954183e-04
1.29648297983e-04
1.33216194710e-04
1.38621821162e-04
1.46236752821e-04
1.56645219129e-04
1.70769361205e-04
1.90108197515e-04
2.17225855932e-04
2.56850944974e-04
3.18709638714e-04
4.26411678289e-04
6.55801470975e-04
1.45749453130e-03
-6.19129827573e-03
-9.91708137209e-04
-5.42077668740e-04
-3.75779876932e-04
-2.90009892207e-04
-2.38274746197e-04
-2.04139372349e-04
-1.80327256725e-04
-1.63131991783e-04
-1.50477913045e-04
-1.41123438292e-04
-1.34292733950e-04
-1.29490267919e-04
-1.26401795224e-04
-1.24839916669e-04
-1.24714812568e-04
-1.26021061649e-04
-1.28836875666e-04
-1.33335655256e-04
-1.39813222125e-04
-1.48739109903e-04
-1.60849818492e-04
-1.77322706948e-04
-2.00119427803e-04
-2.32723575198e-04
-2.81919299252e-04
-3.62843860854e-04
-5.17443954836e-04
-9.20672635343e-04
-4.41729024525e-03
1.56994276721e-03
6.69332849733e-04
4.28267644715e-04
3.17437902854e-04
2.54428540867e-04
2.14293878961e-04
1.86912925020e-04
1.67412285295e-04
1.53166024290e-04
1.42644945981e-04
1.34909974071e-04
1.29365877536e-04
1.25632736324e-04
1.23475821760e-04
1.22767152483e-04
1.23466166174e-04
1.25613861168e-04
1.29338793989e-04
1.34876586147e-04
1.42608661467e-04
1.53132933635e-04
1.67393535229e-04
1.86929764908e-04
2.14389218301e-04
2.54696413589e-04
3.18111276297e-04
4.30049874829e-04
6.75274018310e-04
1.61311673615e-03
-4.03655209099e-03
-8.99137123260e-04
-5.09281244032e-04
-3.58144719028e-04
-2.78659879953e-04
-2.30212295665e-04
-1.98049724021e-04
-1.75534881781e-04
-1.59250844114e-04
-1.47270045964e-04
-1.38434045625e-04
-1.32017403539e-04
-1.27557233966e-04
-1.24761744134e-04
-1.23459936208e-04
-1.23574907425e-04
-1.25112529419e-04
-1.28162266528e-04
-1.32910330012e-04
-1.39668910958e-04
-1.48930600947e-04
-1.61467383775e-04
-1.78516114690e-04
-2.02147400880e-04
