# p_{tot,x} num, $\epsilon_1$ = 1, v = c/400 $\mu$m/s, x = 0$\mu$m, y = 0$\mu$m, b = -2.00$\mu$m
# $\epsilon_2$ = 1, $\hbar\mu$ = 0.70eV, $\hbar\gamma$ = 0.0001eV, $z_p=2.00\mu$m, z = 0$\mu$m
# $\kappa$ = 0.10$\omega_0$, $\kappa_r$ = 0.50$\kappa$, $\omega_0$ =0.10THz
2.54486045770e+01
2.41288770389e+01
2.22297105527e+01
2.00042612439e+01
1.77146070511e+01
1.55811874139e+01
1.37499697116e+01
1.22833719124e+01
1.11729546932e+01
1.03656746020e+01
9.79300833199e+00
9.39382560578e+00
9.12625143126e+00
8.96880130009e+00
8.91478068817e+00
8.96519543481e+00
9.12431262586e+00
9.39960015428e+00
9.80547489138e+00
1.03692379567e+01
1.11382595306e+01
1.21898642900e+01
1.36496586171e+01
1.57325350566e+01
1.88435985449e+01
2.38586000248e+01
3.30906105114e+01
5.52423536812e+01
1.76004128000e+02
-1.44912712527e+02
-5.13082144900e+01
-3.13183608605e+01
-2.26883866624e+01
-1.79235456774e+01
-1.49357280511e+01
-1.29150638069e+01
-1.14826225761e+01
-1.04376674260e+01
-9.66406267494e+00
-9.09044509197e+00
-8.67148696145e+00
-8.37824829252e+00
-8.19274381318e+00
-8.10470954306e+00
-8.10978137642e+00
-8.20878740223e+00
-8.40801464538e+00
-8.72039788090e+00
-9.16777683971e+00
-9.78481978405e+00
-1.06261098790e+01
-1.17797536236e+01
-1.33953241956e+01
-1.57464418007e+01
-1.93896663832e+01
-2.56512821572e+01
-3.86466646500e+01
-8.06890241997e+01
7.64082852371e+02
6.63414441533e+01
3.47900693003e+01
2.37168563528e+01
1.81222649574e+01
1.47836415602e+01
1.25942531770e+01
1.10721168575e+01
9.97417718664e+00
9.16515729675e+00
8.56447471340e+00
8.12192664355e+00
7.80547215942e+00
7.59467224476e+00
7.47705386405e+00
7.44614750156e+00
7.50059093060e+00
7.64401088453e+00
7.88560935390e+00
8.24160232113e+00
8.73796977340e+00
9.41551597982e+00
1.03393542275e+01
1.16175792709e+01
1.34409983618e+01
1.61776290694e+01
2.06360987003e+01
2.89995603712e+01
4.98883926863e+01
1.88442153770e+02
-1.04561076527e+02
-4.09874446726e+01
-2.56240520694e+01
-1.87688022825e+01
-1.49265722823e+01
-1.24984440616e+01
-1.08490938974e+01
-9.67653598001e+00
-8.81946277149e+00
-8.18450213846e+00
-7.71451948737e+00
-7.37330855978e+00
-7.13763609109e+00
-6.99291722662e+00
-6.93084407881e+00
-6.94816735018e+00
-7.04625738459e+00
-7.23132072788e+00
-7.51534365383e+00
-7.91805678473e+00
-8.47057347046e+00
-9.22207581421e+00
-1.02525760357e+01
-1.16989926897e+01
-1.38138709708e+01
-1.71167093042e+01
-2.28686035642e+01
-3.51207745108e+01
-7.79429226053e+01
3.30614862321e+02
5.28812102990e+01
2.88637661271e+01
1.99801913060e+01
1.53976806185e+01
1.26327963334e+01
1.08076346129e+01
9.53348861039e+00
8.61234047442e+00
7.93326776238e+00
7.42988692106e+00
7.06067517523e+00
6.79906039560e+00
6.62812615122e+00
6.53769499430e+00
6.52275248742e+00
6.58272447705e+00
6.72140843300e+00
6.94754826156e+00
7.27622174707e+00
7.73146949926e+00
8.35108469287e+00
9.19555162300e+00
1.03657047977e+01
1.20406633065e+01
1.45693030251e+01
1.87301086529e+01
2.66803821676e+01
4.74179347992e+01
2.27245946106e+02
-8.06759780503e+01
-3.43564155172e+01
-2.19576012516e+01
-1.62565735649e+01
-1.30146433332e+01
-1.09488150003e+01
-9.53853054910e+00
-8.53311109082e+00
-7.79745580741e+00
-7.25285755649e+00
-6.85094425648e+00
-6.56100893034e+00
-6.36339360622e+00
-6.24587526428e+00
-6.20167761938e+00
-6.22846123345e+00
-6.32799896839e+00
-6.50644929856e+00
-6.77530467324e+00
-7.15329490465e+00
-7.66987245276e+00
-8.37161733531e+00
-9.33453474588e+00
-1.06894085802e+01
-1.26795474348e+01
-1.58119196992e+01
-2.13424503185e+01
-3.34596868629e+01
-7.98037870391e+01
1.99368328542e+02
4.43396390283e+01
2.50745540928e+01
1.76052705772e+01
1.36762806198e+01
1.12806269296e+01
9.68930686445e+00
8.57430582916e+00
7.76673218706e+00
7.17127892178e+00
6.73063080722e+00
6.40885142974e+00
6.18295547542e+00
6.03838222338e+00
5.96650030159e+00
5.96327438604e+00
6.02868547462e+00
6.16674092331e+00
6.38607764717e+00
6.70133214680e+00
7.13570635240e+00
7.72564525661e+00
8.52960903544e+00
9.64552508448e+00
