# E_{dir,x} QE num, $\epsilon_1$ = 1, v = c/400 $\mu$m/s, x = 1$\mu$m, y = 1$\mu$m, 
# b = -2.00$\mu$m, z = 0$\mu$m, plot_fieldE_direct2.2.py
4.78292090615e-04
6.47672444129e-03
2.49215587341e-02
5.32034774142e-02
7.67715577954e-02
8.10399368781e-02
6.71638222961e-02
5.56816460194e-02
7.23948527025e-02
1.27871903062e-01
2.09243762082e-01
2.92624340349e-01
3.65273314964e-01
4.36511780412e-01
5.26011429697e-01
6.39865118542e-01
7.58748241583e-01
8.53856365108e-01
9.20443182859e-01
9.98203361940e-01
1.15319226711e+00
1.42691484261e+00
1.79048046962e+00
2.14618595098e+00
2.38677016668e+00
2.47579363417e+00
2.48866498258e+00
2.57586908009e+00
2.86571837932e+00
3.37243989472e+00
3.97762436981e+00
4.50353252872e+00
4.83019692901e+00
4.97455408424e+00
5.07573074717e+00
5.29804395856e+00
5.72215791309e+00
6.30109237255e+00
6.90736377108e+00
7.42966334410e+00
7.84408137515e+00
8.21022847202e+00
8.60468618730e+00
9.05277134315e+00
9.51633586635e+00
9.94441894016e+00
1.03379680703e+01
1.07662857000e+01
1.13135806932e+01
1.19961144085e+01
1.27219286609e+01
1.33372197351e+01
1.37351190918e+01
1.39474388593e+01
1.41439785568e+01
1.45285578474e+01
1.51993018744e+01
1.60728165571e+01
1.69307389029e+01
1.75607566583e+01
1.78956687750e+01
1.80543695783e+01
1.82580505243e+01
1.86825996564e+01
1.93503453408e+01
2.01317311282e+01
2.08465536351e+01
2.13858558239e+01
2.17684269716e+01
2.21013140581e+01
2.24864857978e+01
2.29503318905e+01
2.34459109300e+01
2.39150140831e+01
2.43498916004e+01
2.47995638658e+01
2.53164045300e+01
2.58919498145e+01
2.64423235519e+01
2.68634588921e+01
2.71168518527e+01
2.72765119755e+01
2.74929973038e+01
2.78931255082e+01
2.84859842547e+01
2.91460381204e+01
2.96904176194e+01
2.99990935527e+01
3.00944712930e+01
3.01250797000e+01
3.02657928447e+01
3.06048047939e+01
3.10940636599e+01
3.15922285362e+01
3.19638885039e+01
3.21632486635e+01
3.22480380624e+01
3.23234563981e+01
3.24646922336e+01
3.26752170528e+01
3.29042688969e+01
3.30999514387e+01
3.32507972144e+01
3.33841729184e+01
3.35288598658e+01
3.36787457159e+01
3.37915785054e+01
3.38252161235e+01
3.37806104500e+01
3.37133262086e+01
3.36998362766e+01
3.37815571845e+01
3.39292034265e+01
3.40566508854e+01
3.40770111080e+01
3.39618050774e+01
3.37610948811e+01
3.35703420224e+01
3.34676431430e+01
3.34650312730e+01
3.35059054037e+01
3.35071413743e+01
3.34141099983e+01
3.32309092229e+01
3.30088242903e+01
3.28063506841e+01
3.26516819875e+01
3.25323555142e+01
3.24140334834e+01
3.22695948991e+01
3.20956775019e+01
3.19072151031e+01
3.17189253187e+01
3.15314125971e+01
3.13330588265e+01
3.11141386393e+01
3.08793472200e+01
3.06470974297e+01
3.04358030660e+01
3.02485649268e+01
3.00690754859e+01
2.98724478017e+01
2.96428027477e+01
2.93843444008e+01
2.91179902730e+01
2.88667105815e+01
2.86407401172e+01
2.84329418604e+01
2.82262712997e+01
2.80064792851e+01
2.77705059081e+01
2.75256678735e+01
2.72822121628e+01
2.70460420253e+01
2.68167390565e+01
2.65907665292e+01
2.63657538266e+01
2.61420270586e+01
2.59210147554e+01
2.57031715525e+01
2.54879178994e+01
2.52753723687e+01
2.50673973316e+01
2.48661172904e+01
2.46710242559e+01
2.44779902182e+01
2.42823736118e+01
2.40844907777e+01
2.38925419919e+01
2.37190447148e+01
2.35719210024e+01
2.34466691792e+01
2.33267063583e+01
2.31935390253e+01
2.30405621604e+01
2.28802746275e+01
2.27383877889e+01
2.26376419358e+01
2.25822728759e+01
2.25544847834e+01
2.25260941221e+01
2.24775121107e+01
2.24107034350e+01
2.23470602250e+01
2.23121724148e+01
2.23189344262e+01
2.23611382506e+01
2.24212553336e+01
2.24852010871e+01
2.25520505278e+01
2.26315641419e+01
2.27328264966e+01
2.28546822728e+01
2.29868736161e+01
2.31212636559e+01
2.32631905955e+01
2.34318685665e+01
2.36473209722e+01
2.39130072353e+01
2.42084497974e+01
