# E_{dir,x} num, $\epsilon_1$ = 1, v = c/400 $\mu$m/s, x = 1$\mu$m, y = 1$\mu$m, 
# b = -2.00$\mu$m, z = 0$\mu$m, plot_fieldE_direct2.2.py
-2.08903065492e-08
-2.44732501937e-06
-3.64844723095e-05
-2.27424980655e-04
-8.61264686979e-04
-2.34435861762e-03
-5.03369639305e-03
-9.06385769022e-03
-1.43624850215e-02
-2.09222847544e-02
-2.91585059643e-02
-4.00392936128e-02
-5.47965839433e-02
-7.43539901505e-02
-9.88869531887e-02
-1.27901099473e-01
-1.60852131842e-01
-1.97895852024e-01
-2.40204951190e-01
-2.89575086331e-01
-3.47572297503e-01
-4.14837609181e-01
-4.91062332773e-01
-5.75641490014e-01
-6.68494585176e-01
-7.70426390689e-01
-8.82783045392e-01
-1.00673255875e+00
-1.14279334662e+00
-1.29100283552e+00
-1.45154956780e+00
-1.62526678814e+00
-1.81347942024e+00
-2.01725730245e+00
-2.23669594318e+00
-2.47092160840e+00
-2.71898243457e+00
-2.98103520286e+00
-3.25888367817e+00
-3.55531108020e+00
-3.87254044902e+00
-4.21088483467e+00
-4.56862081810e+00
-4.94329282199e+00
-5.33361094245e+00
-5.74062319147e+00
-6.16731328595e+00
-6.61688028322e+00
-7.09089322241e+00
-7.58859153019e+00
-8.10776459348e+00
-8.64651598528e+00
-9.20463207500e+00
-9.78364347996e+00
-1.03856790581e+01
-1.10120817326e+01
-1.16628361195e+01
-1.23371316612e+01
-1.30344587808e+01
-1.37552508846e+01
-1.45005302223e+01
-1.52709046796e+01
-1.60658521484e+01
-1.68840203359e+01
-1.77244159473e+01
-1.85875498676e+01
-1.94755248046e+01
-2.03908147693e+01
-2.13345276929e+01
-2.23054435668e+01
-2.33006462046e+01
-2.43174258913e+01
-2.53551627684e+01
-2.64158474467e+01
-2.75028281385e+01
-2.86186267025e+01
-2.97633255355e+01
-3.09346124591e+01
-3.21293912206e+01
-3.33457855031e+01
-3.45841570965e+01
-3.58465374054e+01
-3.71350255198e+01
-3.84503785934e+01
-3.97917528596e+01
-4.11576102359e+01
-4.25469398423e+01
-4.39598053559e+01
-4.53968723819e+01
-4.68584395774e+01
-4.83438856336e+01
-4.98520536633e+01
-5.13822627969e+01
-5.29350564889e+01
-5.45119571312e+01
-5.61142883533e+01
-5.77419242645e+01
-5.93929780729e+01
-6.10647924715e+01
-6.27556122338e+01
-6.44657538545e+01
-6.61973894567e+01
-6.79530345222e+01
-6.97337635917e+01
-7.15383856360e+01
-7.33641362046e+01
-7.52083796929e+01
-7.70701330197e+01
-7.89503991133e+01
-8.08511761724e+01
-8.27739279022e+01
-8.47186025730e+01
-8.66837988133e+01
-8.86678049210e+01
-9.06696496699e+01
-9.26894051337e+01
-9.47276400843e+01
-9.67845903590e+01
-9.88597740175e+01
-1.00952342782e+02
-1.03061810893e+02
-1.05188476170e+02
-1.07333107415e+02
-1.09496100859e+02
-1.11676790382e+02
-1.13873530124e+02
-1.16084587047e+02
-1.18309230691e+02
-1.20548200727e+02
-1.22803149650e+02
-1.25075400908e+02
-1.27364879218e+02
-1.29669969665e+02
-1.31988412130e+02
-1.34318610939e+02
-1.36660462046e+02
-1.39015161738e+02
-1.41384184433e+02
-1.43768173676e+02
-1.46166493794e+02
-1.48577671016e+02
-1.51000317490e+02
-1.53433842705e+02
-1.55878493048e+02
-1.58334802487e+02
-1.60802957837e+02
-1.63282577417e+02
-1.65773014203e+02
-1.68273856213e+02
-1.70785158112e+02
-1.73307193377e+02
-1.75839942007e+02
-1.78382771101e+02
-1.80934624686e+02
-1.83494625925e+02
-1.86062639933e+02
-1.88639337449e+02
-1.91225657505e+02
-1.93822023468e+02
-1.96427872753e+02
-1.99041853375e+02
-2.01662567910e+02
-2.04289354082e+02
-2.06922566772e+02
-2.09563182156e+02
-2.12212017731e+02
-2.14869111303e+02
-2.17533660459e+02
-2.20204512339e+02
-2.22880819482e+02
-2.25562403172e+02
-2.28249619646e+02
-2.30942896431e+02
-2.33642316703e+02
-2.36347541178e+02
-2.39058064911e+02
-2.41773550210e+02
-2.44493949567e+02
-2.47219335858e+02
-2.49949613051e+02
-2.52684379603e+02
-2.55423083567e+02
-2.58165356781e+02
-2.60911252409e+02
-2.63661170100e+02
-2.66415492645e+02
-2.69174190693e+02
-2.71936694615e+02
-2.74702146897e+02
-2.77469871109e+02
-2.80239731490e+02
-2.83012131144e+02
-2.85787652066e+02
-2.88566589512e+02
-2.91348698071e+02
-2.94133307126e+02
-2.96919702278e+02
-2.99707496448e+02
-3.02496745869e+02
-3.05287764702e+02
