# E_{dir,x} QE num, $\epsilon_1$ = 1, v = c/400 $\mu$m/s, x = 1$\mu$m, y = 1$\mu$m, 
# b = -2.00$\mu$m, z = 1$\mu$m, plot_fieldE_direct2.2.py
-2.07511198341e-08
-2.41082295299e-06
-3.56445837443e-05
-2.20395261706e-04
-8.28107269607e-04
-2.23726433567e-03
-4.77022525523e-03
-8.53476734026e-03
-1.34467080104e-02
-1.94849324549e-02
-2.70106361588e-02
-3.68676278856e-02
-5.01067989159e-02
-6.74771484907e-02
-8.90577667190e-02
-1.14353435767e-01
-1.42844979896e-01
-1.74619881927e-01
-2.10608807295e-01
-2.52223909691e-01
-3.00642442136e-01
-3.56255950195e-01
-4.18685477523e-01
-4.87332579314e-01
-5.62031311792e-01
-6.43307740519e-01
-7.32084258983e-01
-8.29114949437e-01
-9.34638884652e-01
-1.04852913485e+00
-1.17077463134e+00
-1.30183354290e+00
-1.44249989917e+00
-1.59335417673e+00
-1.75426577869e+00
-1.92443192473e+00
-2.10302801241e+00
-2.29002163903e+00
-2.48649711037e+00
-2.69414960123e+00
-2.91422976710e+00
-3.14667807718e+00
-3.39011031069e+00
-3.64272779572e+00
-3.90355058604e+00
-4.17311478842e+00
-4.45314021653e+00
-4.74540172503e+00
-5.05059501673e+00
-5.36797023994e+00
-5.69593832569e+00
-6.03316501447e+00
-6.37936163906e+00
-6.73526294701e+00
-7.10190985881e+00
-7.47984317714e+00
-7.86880901453e+00
-8.26811853581e+00
-8.67727835679e+00
-9.09632946861e+00
-9.52562311053e+00
-9.96526410378e+00
-1.04147461050e+01
-1.08731469410e+01
-1.13397736266e+01
-1.18147389839e+01
-1.22989569143e+01
-1.27934760422e+01
-1.32986017242e+01
-1.38134651096e+01
-1.43364053252e+01
-1.48659420809e+01
-1.54016694936e+01
-1.59444369386e+01
-1.64956810448e+01
-1.70563715224e+01
-1.76262968332e+01
-1.82041593717e+01
-1.87883717584e+01
-1.93779709783e+01
-1.99730286747e+01
-2.05743357090e+01
-2.11826619765e+01
-2.17981541255e+01
-2.24202672202e+01
-2.30481912215e+01
-2.36813755474e+01
-2.43197355881e+01
-2.49634279274e+01
-2.56124437709e+01
-2.62664013017e+01
-2.69247254628e+01
-2.75870585060e+01
-2.82535345685e+01
-2.89246496987e+01
-2.96007875028e+01
-3.02817559278e+01
-3.09667124600e+01
-3.16545765704e+01
-3.23446582933e+01
-3.30370536147e+01
-3.37325109929e+01
-3.44318488668e+01
-3.51353251072e+01
-3.58423914443e+01
-3.65519896129e+01
-3.72631669415e+01
-3.79755810800e+01
-3.86895663710e+01
-3.94057580701e+01
-4.01245720709e+01
-4.08459054286e+01
-4.15692283417e+01
-4.22939442144e+01
-4.30197223586e+01
-4.37465706052e+01
-4.44746418495e+01
-4.52039723348e+01
-4.59343769268e+01
-4.66655723290e+01
-4.73973996044e+01
-4.81299360889e+01
-4.88633849137e+01
-4.95978228743e+01
-5.03330153576e+01
-5.10684654031e+01
-5.18036836292e+01
-5.25384877875e+01
-5.32731053005e+01
-5.40079898252e+01
-5.47434716309e+01
-5.54794853205e+01
-5.62155653526e+01
-5.69511100261e+01
-5.76857277293e+01
-5.84194291818e+01
-5.91525465692e+01
-5.98854539190e+01
-6.06182920155e+01
-6.13508793274e+01
-6.20828449601e+01
-6.28138638773e+01
-6.35438198756e+01
-6.42727967949e+01
-6.50009352035e+01
-6.57282837112e+01
-6.64547580637e+01
-6.71802210769e+01
-6.79045977404e+01
-6.86279195460e+01
-6.93502603049e+01
-7.00716219501e+01
-7.07918734498e+01
-7.15108036815e+01
-7.22282551695e+01
-7.29442359284e+01
-7.36589174104e+01
-7.43725104838e+01
-7.50851043143e+01
-7.57965839428e+01
-7.65066875527e+01
-7.72151647019e+01
-7.79219256872e+01
-7.86270806729e+01
-7.93308468393e+01
-8.00333931436e+01
-8.07347302030e+01
-8.14347138665e+01
-8.21331479496e+01
-8.28299061275e+01
-8.35249894825e+01
-8.42184910793e+01
-8.49105071876e+01
-8.56010661421e+01
-8.62901219390e+01
-8.69776045350e+01
-8.76634771253e+01
-8.83477525170e+01
-8.90304601168e+01
-8.97115975634e+01
-9.03911124384e+01
-9.10689323683e+01
-9.17450198086e+01
-9.24194054734e+01
-9.30921697030e+01
-9.37633817706e+01
-9.44330411302e+01
-9.51010652606e+01
-9.57673353374e+01
-9.64317686793e+01
-9.70943673148e+01
-9.77552092409e+01
-9.84143896951e+01
-9.90719540375e+01
-9.97278675180e+01
-1.00382039259e+02
-1.01034379804e+02
-1.01684850870e+02
-1.02333475547e+02
-1.02980307650e+02
