# EELS QE num, $\epsilon_1$ = 1, v = c/400 $\mu$m/s, xD = 0$\mu$m, b = -2.00$\mu$m
# $\epsilon_2$ = 1, $\hbar\mu$ = 0.70eV, $\hbar\gamma$ = 0.0001eV, $z_p=2.00\mu$m
# $\kappa$ = 0.10$\omega_0$, $\kappa_r$ = 0.50$\kappa$, $\omega_0$ =0.10THz
-1.74922386039e+15
-3.48808450534e+16
-9.94824407881e+16
-1.57905166021e+17
-2.08353038370e+17
-2.67365704776e+17
-3.41147258322e+17
-4.32693153382e+17
-5.53130482348e+17
-7.20400532272e+17
-9.66547128879e+17
-1.37047940408e+18
-2.14874236430e+18
-4.16516223187e+18
-1.99546694880e+19
9.31279508060e+18
4.28711424256e+18
3.03693697081e+18
2.51562194850e+18
2.27563617357e+18
2.18734864617e+18
2.20506778069e+18
2.31977345842e+18
2.54587563996e+18
2.92542349806e+18
3.55479857330e+18
4.66344681289e+18
6.92307464746e+18
1.34678554015e+19
1.54283489183e+20
-1.77212627340e+19
-8.89429129358e+18
-6.25478809148e+18
-5.06446251784e+18
-4.45808899492e+18
-4.16539021472e+18
-4.08601167660e+18
-4.18957825911e+18
-4.49048967463e+18
-5.05486678813e+18
-6.04354860531e+18
-7.85994085925e+18
-1.17803219561e+19
-2.48030509942e+19
2.19596518073e+20
2.08996391620e+19
1.13891989392e+19
8.14235222737e+18
6.59968594094e+18
5.78496127036e+18
5.37384065603e+18
5.24091891436e+18
5.34733267241e+18
5.71291734954e+18
6.42705554472e+18
7.71264666971e+18
1.01540567542e+19
1.57445817833e+19
3.79665383106e+19
-8.77802510300e+19
-2.08166263796e+19
-1.21903401984e+19
-8.93292535256e+18
-7.32343262275e+18
-6.45812965966e+18
-6.02006846148e+18
-5.88458765380e+18
-6.01622939204e+18
-6.44432935671e+18
-7.28123523731e+18
-8.80891985599e+18
-1.17947635324e+19
-1.90843220674e+19
-5.61891760147e+19
5.71249134608e+19
1.92531462377e+19
1.19063705243e+19
8.90999540587e+18
7.38444619660e+18
6.55669787477e+18
6.14397430366e+18
6.03507755190e+18
6.20372167630e+18
6.69124989412e+18
7.63425763119e+18
9.37757801408e+18
1.29058546431e+19
2.23068105998e+19
9.86772819784e+19
-3.98294622873e+19
-1.68726960803e+19
-1.10056202141e+19
-8.43980313441e+18
-7.09689733966e+18
-6.36453713691e+18
-6.00986180277e+18
-5.94215279692e+18
-6.14654192432e+18
-6.67491958316e+18
-7.68154119331e+18
-9.55788475611e+18
