# EELS QE num, $\epsilon_1$ = 1, v = c/400 $\mu$m/s, xD = 0$\mu$m, b = -2.00$\mu$m
# $\epsilon_2$ = 1, $\hbar\mu$ = 0.70eV, $\hbar\gamma$ = 0.0001eV, $z_p=2.00\mu$m
# $\kappa$ = 0.10$\omega_0$, $\kappa_r$ = 0.50$\kappa$, $\omega_0$ =0.05THz
1.74901396939e+15
3.48766943129e+16
9.94706402828e+16
1.57886339361e+17
2.08327642749e+17
2.67331547802e+17
3.41100351101e+17
4.32627388758e+17
5.53034778921e+17
7.20253688403e+17
9.66304693518e+17
1.37002908864e+18
2.14771669256e+18
4.16157527080e+18
1.98779317774e+19
-9.32855114347e+18
-4.29023199667e+18
-3.03839889027e+18
-2.51655858519e+18
-2.27634957361e+18
-2.18795952911e+18
-2.20564046012e+18
-2.32035461234e+18
-2.54651264606e+18
-2.92618199966e+18
-3.55579681010e+18
-4.66495505478e+18
-6.92593651321e+18
-1.34769367550e+19
-1.55261882369e+20
1.77117490750e+19
8.89267906844e+18
6.25438585660e+18
5.06446298189e+18
4.45829869405e+18
4.16576080733e+18
4.08655404521e+18
4.19035010055e+18
4.49161615630e+18
5.05660939400e+18
6.04650756975e+18
7.86576951094e+18
1.17953413362e+19
2.48784874055e+19
-2.12876918073e+20
-2.08324981873e+19
-1.13671479998e+19
-8.12995748434e+18
-6.59077584791e+18
-5.77750373791e+18
-5.36685875510e+18
-5.23374026391e+18
-5.33928080011e+18
-5.70304472368e+18
-6.41366954188e+18
-7.69204631479e+18
-1.01159855820e+19
-1.56472099841e+19
-3.73662719387e+19
9.12283011212e+19
2.10206811708e+19
1.22643296118e+19
8.97491375036e+18
7.35323650439e+18
6.48258991323e+18
6.04248574381e+18
5.90716693553e+18
6.04109615014e+18
6.47437896069e+18
7.32162405689e+18
8.87114511360e+18
1.19121964070e+19
1.94083153758e+19
5.91811917745e+19
-5.40122619165e+19
-1.88770391546e+19
-1.17551515606e+19
-8.82116631184e+18
-7.32052544442e+18
-6.50395730065e+18
-6.09555216415e+18
-5.98626904756e+18
-6.14989082610e+18
-6.62594621221e+18
-7.54570282069e+18
-9.23856234629e+18
-1.26324675448e+19
-2.14632959294e+19
-8.25042491782e+19
4.28980534381e+19
1.74338416928e+19
1.12525451141e+19
8.59039367738e+18
7.20742674898e+18
6.45685572576e+18
6.09537643290e+18
6.02902516324e+18
6.24316516548e+18
6.79342291538e+18
7.84486881311e+18
9.82139479950e+18
