# omega [THz]     Re(E_{dir}) analytic     Re(E_{dir}) QE num     Re(E_{dir}) sin QE num, $\epsilon_1$ = 1, v = c/800 $\mu$m/s, b = -0.50$\mu$m, plot_fieldE_direct2.2.py
1.00000000000e-03	0.00000000000e+00	0.00000000000e+00	2.13880007175e-14
2.00000000000e-03	0.00000000000e+00	0.00000000000e+00	3.37837084720e-13
3.00000000000e-03	0.00000000000e+00	0.00000000000e+00	1.67379739032e-12
4.00000000000e-03	0.00000000000e+00	0.00000000000e+00	5.13099077564e-12
5.00000000000e-03	0.00000000000e+00	0.00000000000e+00	1.20378679909e-11
6.00000000000e-03	0.00000000000e+00	0.00000000000e+00	2.37543961622e-11
7.00000000000e-03	0.00000000000e+00	0.00000000000e+00	4.14466909224e-11
8.00000000000e-03	0.00000000000e+00	0.00000000000e+00	6.58487332425e-11
9.00000000000e-03	0.00000000000e+00	0.00000000000e+00	9.70301638957e-11
1.00000000000e-02	0.00000000000e+00	0.00000000000e+00	1.34189810870e-10
1.10000000000e-02	0.00000000000e+00	0.00000000000e+00	1.75494111708e-10
1.20000000000e-02	0.00000000000e+00	0.00000000000e+00	2.17977934821e-10
1.30000000000e-02	0.00000000000e+00	0.00000000000e+00	2.57522530045e-10
1.40000000000e-02	0.00000000000e+00	0.00000000000e+00	2.88921554594e-10
1.50000000000e-02	0.00000000000e+00	0.00000000000e+00	3.06041484325e-10
1.60000000000e-02	0.00000000000e+00	0.00000000000e+00	3.02077437351e-10
1.70000000000e-02	0.00000000000e+00	0.00000000000e+00	2.69899751409e-10
1.80000000000e-02	0.00000000000e+00	0.00000000000e+00	2.02480840721e-10
1.90000000000e-02	0.00000000000e+00	0.00000000000e+00	9.33862022646e-11
2.00000000000e-02	0.00000000000e+00	-0.00000000000e+00	-6.26917606191e-11
2.10000000000e-02	0.00000000000e+00	-0.00000000000e+00	-2.69382891633e-10
2.20000000000e-02	0.00000000000e+00	-0.00000000000e+00	-5.28100665359e-10
2.30000000000e-02	0.00000000000e+00	-0.00000000000e+00	-8.37547281178e-10
2.40000000000e-02	0.00000000000e+00	-0.00000000000e+00	-1.19329475695e-09
2.50000000000e-02	0.00000000000e+00	-0.00000000000e+00	-1.58747357825e-09
2.60000000000e-02	0.00000000000e+00	-0.00000000000e+00	-2.00859811711e-09
2.70000000000e-02	0.00000000000e+00	-0.00000000000e+00	-2.44155409005e-09
2.80000000000e-02	0.00000000000e+00	-0.00000000000e+00	-2.86776785513e-09
2.90000000000e-02	0.00000000000e+00	-0.00000000000e+00	-3.26557050261e-09
3.00000000000e-02	0.00000000000e+00	-0.00000000000e+00	-3.61076168940e-09
3.10000000000e-02	0.00000000000e+00	-0.00000000000e+00	-3.87736928682e-09
3.20000000000e-02	0.00000000000e+00	-0.00000000000e+00	-4.03859148735e-09
3.30000000000e-02	0.00000000000e+00	-0.00000000000e+00	-4.06789842684e-09
3.40000000000e-02	0.00000000000e+00	-0.00000000000e+00	-3.94026103000e-09
3.50000000000e-02	0.00000000000e+00	-0.00000000000e+00	-3.63346609848e-09
3.60000000000e-02	0.00000000000e+00	-0.00000000000e+00	-3.12946904820e-09
3.70000000000e-02	0.00000000000e+00	-0.00000000000e+00	-2.41572956347e-09
3.80000000000e-02	0.00000000000e+00	-0.00000000000e+00	-1.48647112733e-09
3.90000000000e-02	0.00000000000e+00	-0.00000000000e+00	-3.43803216653e-10
4.00000000000e-02	0.00000000000e+00	0.00000000000e+00	1.00135484597e-09
4.10000000000e-02	0.00000000000e+00	0.00000000000e+00	2.52860665956e-09
4.20000000000e-02	0.00000000000e+00	0.00000000000e+00	4.20772108218e-09
4.30000000000e-02	0.00000000000e+00	0.00000000000e+00	5.99862920806e-09
4.40000000000e-02	0.00000000000e+00	0.00000000000e+00	7.85181075474e-09
4.50000000000e-02	0.00000000000e+00	0.00000000000e+00	9.70909215575e-09
4.60000000000e-02	0.00000000000e+00	0.00000000000e+00	1.15048643455e-08
4.70000000000e-02	0.00000000000e+00	0.00000000000e+00	1.31677125124e-08
4.80000000000e-02	0.00000000000e+00	0.00000000000e+00	1.46224334960e-08
4.90000000000e-02	0.00000000000e+00	0.00000000000e+00	1.57923995939e-08
5.00000000000e-02	0.00000000000e+00	0.00000000000e+00	1.66022109432e-08
5.10000000000e-02	0.00000000000e+00	0.00000000000e+00	1.69805630028e-08
5.20000000000e-02	0.00000000000e+00	0.00000000000e+00	1.68632416384e-08
5.30000000000e-02	0.00000000000e+00	0.00000000000e+00	1.61961465244e-08
5.40000000000e-02	0.00000000000e+00	0.00000000000e+00	1.49382346280e-08
5.50000000000e-02	0.00000000000e+00	0.00000000000e+00	1.30642699205e-08
5.60000000000e-02	0.00000000000e+00	0.00000000000e+00	1.05672636211e-08
5.70000000000e-02	0.00000000000e+00	0.00000000000e+00	7.46049150302e-09
5.80000000000e-02	0.00000000000e+00	0.00000000000e+00	3.77898128348e-09
5.90000000000e-02	0.00000000000e+00	0.00000000000e+00	-4.19626098518e-10
6.00000000000e-02	0.00000000000e+00	-0.00000000000e+00	-5.05492253553e-09
6.10000000000e-02	0.00000000000e+00	-0.00000000000e+00	-1.00243484981e-08
6.20000000000e-02	0.00000000000e+00	-0.00000000000e+00	-1.52046184086e-08
6.30000000000e-02	0.00000000000e+00	-0.00000000000e+00	-2.04539703452e-08
6.40000000000e-02	0.00000000000e+00	-0.00000000000e+00	-2.56152272156e-08
6.50000000000e-02	0.00000000000e+00	-0.00000000000e+00	-3.05196276622e-08
6.60000000000e-02	0.00000000000e+00	-0.00000000000e+00	-3.49913555766e-08
6.70000000000e-02	0.00000000000e+00	-0.00000000000e+00	-3.88526682374e-08
6.80000000000e-02	0.00000000000e+00	-0.00000000000e+00	-4.19294957599e-08
6.90000000000e-02	0.00000000000e+00	-0.00000000000e+00	-4.40573597828e-08
7.00000000000e-02	0.00000000000e+00	-0.00000000000e+00	-4.50874381190e-08
7.10000000000e-02	0.00000000000e+00	-0.00000000000e+00	-4.48925853928e-08
7.20000000000e-02	0.00000000000e+00	-0.00000000000e+00	-4.33731083042e-08
7.30000000000e-02	0.00000000000e+00	-0.00000000000e+00	-4.04620887991e-08
7.40000000000e-02	0.00000000000e+00	-0.00000000000e+00	-3.61300496134e-08
7.50000000000e-02	0.00000000000e+00	-0.00000000000e+00	-3.03887647361e-08
7.60000000000e-02	0.00000000000e+00	-0.00000000000e+00	-2.32940324336e-08
7.70000000000e-02	0.00000000000e+00	-0.00000000000e+00	-1.49472504916e-08
7.80000000000e-02	0.00000000000e+00	-0.00000000000e+00	-5.49566193427e-09
7.90000000000e-02	0.00000000000e+00	0.00000000000e+00	4.86882590242e-09
8.00000000000e-02	0.00000000000e+00	0.00000000000e+00	1.59123062213e-08
8.10000000000e-02	0.00000000000e+00	0.00000000000e+00	2.73630347648e-08
8.20000000000e-02	0.00000000000e+00	0.00000000000e+00	3.89170551228e-08
8.30000000000e-02	0.00000000000e+00	0.00000000000e+00	5.02452047801e-08
8.40000000000e-02	0.00000000000e+00	0.00000000000e+00	6.10013704448e-08
8.50000000000e-02	0.00000000000e+00	0.00000000000e+00	7.08318136949e-08
8.60000000000e-02	0.00000000000e+00	0.00000000000e+00	7.93853434718e-08
8.70000000000e-02	0.00000000000e+00	0.00000000000e+00	8.63240720177e-08
8.80000000000e-02	0.00000000000e+00	0.00000000000e+00	9.13344570113e-08
8.90000000000e-02	0.00000000000e+00	0.00000000000e+00	9.41383063066e-08
9.00000000000e-02	0.00000000000e+00	0.00000000000e+00	9.45034040487e-08
9.10000000000e-02	0.00000000000e+00	0.00000000000e+00	9.22534090405e-08
9.20000000000e-02	0.00000000000e+00	0.00000000000e+00	8.72766788180e-08
9.30000000000e-02	0.00000000000e+00	0.00000000000e+00	7.95336864248e-08
9.40000000000e-02	0.00000000000e+00	0.00000000000e+00	6.90627214816e-08
9.50000000000e-02	0.00000000000e+00	0.00000000000e+00	5.59836026376e-08
9.60000000000e-02	0.00000000000e+00	0.00000000000e+00	4.04991742939e-08
9.70000000000e-02	0.00000000000e+00	0.00000000000e+00	2.28944157090e-08
9.80000000000e-02	0.00000000000e+00	0.00000000000e+00	3.53305399410e-09
9.90000000000e-02	0.00000000000e+00	-0.00000000000e+00	-1.71483574867e-08
1.00000000000e-01	0.00000000000e+00	-0.00000000000e+00	-3.86488589957e-08
1.01000000000e-01	0.00000000000e+00	-0.00000000000e+00	-6.04138887505e-08
1.02000000000e-01	0.00000000000e+00	-0.00000000000e+00	-8.18482798849e-08
1.03000000000e-01	0.00000000000e+00	-0.00000000000e+00	-1.02331182134e-07
1.04000000000e-01	0.00000000000e+00	-0.00000000000e+00	-1.21232568551e-07
1.05000000000e-01	0.00000000000e+00	-0.00000000000e+00	-1.37930922475e-07
1.06000000000e-01	0.00000000000e+00	-0.00000000000e+00	-1.51831643917e-07
1.07000000000e-01	0.00000000000e+00	-0.00000000000e+00	-1.62385669535e-07
1.08000000000e-01	0.00000000000e+00	-0.00000000000e+00	-1.69107768470e-07
1.09000000000e-01	0.00000000000e+00	-0.00000000000e+00	-1.71593958927e-07
1.10000000000e-01	0.00000000000e+00	-0.00000000000e+00	-1.69537488807e-07
1.11000000000e-01	0.00000000000e+00	-0.00000000000e+00	-1.62742838660e-07
1.12000000000e-01	0.00000000000e+00	-0.00000000000e+00	-1.51137237067e-07
1.13000000000e-01	0.00000000000e+00	-0.00000000000e+00	-1.34779227050e-07
1.14000000000e-01	0.00000000000e+00	-0.00000000000e+00	-1.13863886565e-07
1.15000000000e-01	0.00000000000e+00	-0.00000000000e+00	-8.87243854010e-08
1.16000000000e-01	0.00000000000e+00	-0.00000000000e+00	-5.98296530595e-08
1.17000000000e-01	0.00000000000e+00	-0.00000000000e+00	-2.77780354219e-08
1.18000000000e-01	0.00000000000e+00	-0.00000000000e+00	6.71307052480e-09
1.19000000000e-01	0.00000000000e+00	0.00000000000e+00	4.28214977438e-08
1.20000000000e-01	0.00000000000e+00	0.00000000000e+00	7.96382808212e-08
1.21000000000e-01	0.00000000000e+00	0.00000000000e+00	1.16188975359e-07
1.22000000000e-01	0.00000000000e+00	0.00000000000e+00	1.51457869260e-07
1.23000000000e-01	0.00000000000e+00	0.00000000000e+00	1.84414525497e-07
1.24000000000e-01	0.00000000000e+00	0.00000000000e+00	2.14042003112e-07
1.25000000000e-01	0.00000000000e+00	0.00000000000e+00	2.39366025382e-07
1.26000000000e-01	0.00000000000e+00	0.00000000000e+00	2.59484304118e-07
1.27000000000e-01	0.00000000000e+00	0.00000000000e+00	2.73595189543e-07
1.28000000000e-01	0.00000000000e+00	0.00000000000e+00	2.81024798036e-07
1.29000000000e-01	0.00000000000e+00	0.00000000000e+00	2.81251776720e-07
1.30000000000e-01	0.00000000000e+00	0.00000000000e+00	2.73928895161e-07
1.31000000000e-01	0.00000000000e+00	0.00000000000e+00	2.58900710431e-07
1.32000000000e-01	0.00000000000e+00	0.00000000000e+00	2.36216631872e-07
1.33000000000e-01	0.00000000000e+00	0.00000000000e+00	2.06138814684e-07
1.34000000000e-01	0.00000000000e+00	0.00000000000e+00	1.69144434921e-07
1.35000000000e-01	0.00000000000e+00	0.00000000000e+00	1.25922039874e-07
1.36000000000e-01	0.00000000000e+00	0.00000000000e+00	7.73618237151e-08
1.37000000000e-01	0.00000000000e+00	0.00000000000e+00	2.45398448222e-08
1.38000000000e-01	0.00000000000e+00	-0.00000000000e+00	-3.13036260001e-08
1.39000000000e-01	0.00000000000e+00	-0.00000000000e+00	-8.87912629351e-08
1.40000000000e-01	0.00000000000e+00	-0.00000000000e+00	-1.46440813860e-07
1.41000000000e-01	0.00000000000e+00	-0.00000000000e+00	-2.02701503639e-07
1.42000000000e-01	0.00000000000e+00	-0.00000000000e+00	-2.55993866381e-07
1.43000000000e-01	0.00000000000e+00	-0.00000000000e+00	-3.04752030344e-07
1.44000000000e-01	0.00000000000e+00	-0.00000000000e+00	-3.47467371132e-07
1.45000000000e-01	0.00000000000e+00	-0.00000000000e+00	-3.82732367429e-07
1.46000000000e-01	0.00000000000e+00	-0.00000000000e+00	-4.09283441957e-07
1.47000000000e-01	0.00000000000e+00	-0.00000000000e+00	-4.26041551366e-07
1.48000000000e-01	0.00000000000e+00	-0.00000000000e+00	-4.32149304016e-07
1.49000000000e-01	0.00000000000e+00	-0.00000000000e+00	-4.27003434902e-07
1.50000000000e-01	0.00000000000e+00	-0.00000000000e+00	-4.10281552261e-07
1.51000000000e-01	0.00000000000e+00	-0.00000000000e+00	-3.81962189473e-07
1.52000000000e-01	0.00000000000e+00	-0.00000000000e+00	-3.42337346543e-07
1.53000000000e-01	0.00000000000e+00	-0.00000000000e+00	-2.92016884735e-07
1.54000000000e-01	0.00000000000e+00	-0.00000000000e+00	-2.31924341598e-07
1.55000000000e-01	0.00000000000e+00	-0.00000000000e+00	-1.63283956991e-07
1.56000000000e-01	0.00000000000e+00	-0.00000000000e+00	-8.75989379963e-08
1.57000000000e-01	0.00000000000e+00	-0.00000000000e+00	-6.62123572414e-09
1.58000000000e-01	0.00000000000e+00	0.00000000000e+00	7.76866468038e-08
1.59000000000e-01	0.00000000000e+00	0.00000000000e+00	1.63197055587e-07
1.60000000000e-01	0.00000000000e+00	0.00000000000e+00	2.47668808241e-07
1.61000000000e-01	0.00000000000e+00	0.00000000000e+00	3.28803841769e-07
1.62000000000e-01	0.00000000000e+00	0.00000000000e+00	4.04307507583e-07
1.63000000000e-01	0.00000000000e+00	0.00000000000e+00	4.71950985229e-07
1.64000000000e-01	0.00000000000e+00	0.00000000000e+00	5.29634173564e-07
1.65000000000e-01	0.00000000000e+00	0.00000000000e+00	5.75447347066e-07
1.66000000000e-01	0.00000000000e+00	0.00000000000e+00	6.07729839077e-07
1.67000000000e-01	0.00000000000e+00	0.00000000000e+00	6.25124035392e-07
1.68000000000e-01	0.00000000000e+00	0.00000000000e+00	6.26623031567e-07
1.69000000000e-01	0.00000000000e+00	0.00000000000e+00	6.11610425365e-07
1.70000000000e-01	0.00000000000e+00	0.00000000000e+00	5.79890880231e-07
1.71000000000e-01	0.00000000000e+00	0.00000000000e+00	5.31710303408e-07
1.72000000000e-01	0.00000000000e+00	0.00000000000e+00	4.67764728996e-07
1.73000000000e-01	0.00000000000e+00	0.00000000000e+00	3.89197276393e-07
1.74000000000e-01	0.00000000000e+00	0.00000000000e+00	2.97582861202e-07
1.75000000000e-01	0.00000000000e+00	0.00000000000e+00	1.94900661511e-07
1.76000000000e-01	0.00000000000e+00	0.00000000000e+00	8.34946787186e-08
1.77000000000e-01	0.00000000000e+00	0.00000000000e+00	-3.39769300011e-08
1.78000000000e-01	0.00000000000e+00	-0.00000000000e+00	-1.54602740309e-07
1.79000000000e-01	0.00000000000e+00	-0.00000000000e+00	-2.75287850054e-07
1.80000000000e-01	0.00000000000e+00	-0.00000000000e+00	-3.92830962267e-07
1.81000000000e-01	0.00000000000e+00	-0.00000000000e+00	-5.04006903028e-07
1.82000000000e-01	0.00000000000e+00	-0.00000000000e+00	-6.05652506882e-07
1.83000000000e-01	0.00000000000e+00	-0.00000000000e+00	-6.94753644129e-07
1.84000000000e-01	0.00000000000e+00	-0.00000000000e+00	-7.68531062159e-07
1.85000000000e-01	0.00000000000e+00	-0.00000000000e+00	-8.24522671468e-07
1.86000000000e-01	0.00000000000e+00	-0.00000000000e+00	-8.60659929237e-07
1.87000000000e-01	0.00000000000e+00	-0.00000000000e+00	-8.75336060559e-07
1.88000000000e-01	0.00000000000e+00	-0.00000000000e+00	-8.67464009252e-07
1.89000000000e-01	0.00000000000e+00	-0.00000000000e+00	-8.36522224405e-07
1.90000000000e-01	0.00000000000e+00	-0.00000000000e+00	-7.82586661398e-07
1.91000000000e-01	0.00000000000e+00	-0.00000000000e+00	-7.06347701328e-07
1.92000000000e-01	0.00000000000e+00	-0.00000000000e+00	-6.09111063279e-07
1.93000000000e-01	0.00000000000e+00	-0.00000000000e+00	-4.92782190758e-07
1.94000000000e-01	0.00000000000e+00	-0.00000000000e+00	-3.59834026917e-07
1.95000000000e-01	0.00000000000e+00	-0.00000000000e+00	-2.13258541721e-07
1.96000000000e-01	0.00000000000e+00	-0.00000000000e+00	-5.65028261528e-08
1.97000000000e-01	0.00000000000e+00	0.00000000000e+00	1.06608988337e-07
1.98000000000e-01	0.00000000000e+00	0.00000000000e+00	2.71966305074e-07
1.99000000000e-01	0.00000000000e+00	0.00000000000e+00	4.35273063582e-07
2.00000000000e-01	0.00000000000e+00	0.00000000000e+00	5.92156755136e-07
