# E_{ref,x} num, $\epsilon_1$ = 1, v = c/400 $\mu$m/s, x = 0$\mu$m, y = 0$\mu$m, b = -2.00$\mu$m
# $\epsilon_2$ = 1, $\hbar\mu$ = 0.70eV, $\hbar\gamma$ = 0.0001eV, $z_p=2.00\mu$m, z = 0$\mu$m
-1.85371824223e-05
-2.89000482530e-04
-1.41542615927e-03
-4.29766925654e-03
-1.00124408982e-02
-1.96856316908e-02
-3.43727787583e-02
-5.49626554464e-02
-8.21150315577e-02
-1.16238313676e-01
-1.57506852660e-01
-2.05912073993e-01
-2.61337046072e-01
-3.23641263716e-01
-3.92741632277e-01
-4.68676926644e-01
-5.51646101806e-01
-6.42015227661e-01
-7.40292821701e-01
-8.47078207023e-01
-9.62991524865e-01
-1.08859662311e+00
-1.22432889005e+00
-1.37043913575e+00
-1.52696203557e+00
-1.69371386673e+00
-1.87031987267e+00
-2.05626723850e+00
-2.25097598548e+00
-2.45387760876e+00
-2.66449032194e+00
-2.88248043565e+00
-3.10770155212e+00
-3.34020655807e+00
-3.58023134493e+00
-3.82815319810e+00
-4.08443030133e+00
-4.34953131103e+00
-4.62386513468e+00
-4.90772076244e+00
-5.20122532670e+00
-5.50432577266e+00
-5.81679603632e+00
-6.13826795604e+00
-6.46828081342e+00
-6.80634187247e+00
-7.15198889948e+00
-7.50484556995e+00
-7.86466188065e+00
-8.23133398496e+00
-8.60490090704e+00
-8.98551892076e+00
-9.37341752814e+00
-9.76884350063e+00
-1.01720010160e+01
-1.05829963353e+01
-1.10017946900e+01
-1.14281952204e+01
-1.18618272104e+01
-1.23021678698e+01
-1.27485789607e+01
-1.32003570466e+01
-1.36567904021e+01
-1.41172149455e+01
-1.45810617273e+01
-1.50478901291e+01
-1.55174027941e+01
-1.59894410692e+01
-1.64639623980e+01
-1.69410035384e+01
-1.74206353050e+01
-1.79029155221e+01
-1.83878469053e+01
-1.88753456932e+01
-1.93652251691e+01
-1.98571960127e+01
-2.03508830052e+01
-2.08458553344e+01
-2.13416659095e+01
-2.18378939453e+01
-2.23341847492e+01
-2.28302811694e+01
-2.33260424339e+01
-2.38214479469e+01
-2.43165857233e+01
-2.48116272559e+01
-2.53067924160e+01
-2.58023092563e+01
-2.62983741518e+01
-2.67951175258e+01
-2.72925795048e+01
-2.77906983790e+01
-2.82893129281e+01
-2.87881777638e+01
-2.92869891040e+01
-2.97854170684e+01
-3.02831398265e+01
-3.07798748397e+01
-3.12754029985e+01
-3.17695825734e+01
-3.22623514027e+01
-3.27537174149e+01
-3.32437391883e+01
-3.37324995772e+01
-3.42200762980e+01
-3.47065136755e+01
-3.51917994661e+01
-3.56758498664e+01
-3.61585045985e+01
-3.66395325282e+01
-3.71186468122e+01
-3.75955272944e+01
-3.80698469419e+01
-3.85412986516e+01
-3.90096188093e+01
-3.94746045322e+01
-3.99361224724e+01
-4.03941082705e+01
-4.08485570446e+01
-4.12995065075e+01
-4.17470152549e+01
-4.21911393434e+01
-4.26319104138e+01
-4.30693182956e+01
-4.35033003324e+01
-4.39337386760e+01
-4.43604656766e+01
-4.47832763912e+01
-4.52019462945e+01
-4.56162516348e+01
-4.60259892789e+01
-4.64309952432e+01
-4.68311549398e+01
-4.72264099594e+01
-4.76167565584e+01
-4.80022361136e+01
-4.83829237661e+01
-4.87589104004e+01
-4.91302855268e+01
-4.94971214389e+01
-4.98594611174e+01
-5.02173114246e+01
-5.05706421723e+01
-5.09193920924e+01
-5.12634779538e+01
-5.16028088662e+01
-5.19373016342e+01
-5.22668949347e+01
-5.25915611461e+01
-5.29113138121e+01
-5.32262099660e+01
-5.35363465022e+01
-5.38418525293e+01
-5.41428770896e+01
-5.44395751520e+01
-5.47320932713e+01
-5.50205568303e+01
-5.53050604311e+01
-5.55856625210e+01
-5.58623847331e+01
-5.61352157650e+01
-5.64041190214e+01
-5.66690427612e+01
-5.69299312111e+01
-5.71867350311e+01
-5.74394196802e+01
-5.76879705750e+01
-5.79323944256e+01
-5.81727161774e+01
-5.84089756211e+01
-5.86412138944e+01
-5.88694690158e+01
-5.90937639749e+01
-5.93140994410e+01
-5.95304485323e+01
-5.97427553619e+01
-5.99509362513e+01
-6.01548852960e+01
-6.03544819322e+01
-6.05496007392e+01
-6.07401207823e+01
-6.09259349399e+01
-6.11069570068e+01
-6.12831261943e+01
-6.14544085622e+01
-6.16207954021e+01
-6.17822989991e+01
-6.19389465261e+01
-6.20907730457e+01
-6.22378146677e+01
-6.23801028410e+01
-6.25176605578e+01
-6.26505009452e+01
-6.27786283671e+01
-6.29020417959e+01
-6.30207399036e+01
-6.31347270895e+01
-6.32440195514e+01
-6.33486505175e+01
-6.34486738921e+01
