# E_{ref,x} QE num, $\epsilon_1$ = 1, v = c/400 $\mu$m/s, x = 0$\mu$m, y = 0$\mu$m, b = -2.00$\mu$m
# $\epsilon_2$ = 1, $\hbar\mu$ = 0.70eV, $\hbar\gamma$ = 0.0001eV, $z_p=2.00\mu$m, z = 0$\mu$m
-1.85372101074e-05
-2.89000913017e-04
-1.41542826544e-03
-4.29767565465e-03
-1.00124558329e-02
-1.96856611494e-02
-3.43728304191e-02
-5.49627384808e-02
-8.21151563152e-02
-1.16238491286e-01
-1.57507094587e-01
-2.05912391578e-01
-2.61337450089e-01
-3.23641763958e-01
-3.92742237195e-01
-4.68677643029e-01
-5.51646934526e-01
-6.42016179443e-01
-7.40293892956e-01
-8.47079395704e-01
-9.62992826374e-01
-1.08859803022e+00
-1.22433039291e+00
-1.37044072189e+00
-1.52696369002e+00
-1.69371557216e+00
-1.87032160964e+00
-2.05626898575e+00
-2.25097772035e+00
-2.45387930763e+00
-2.66449196074e+00
-2.88248199042e+00
-3.10770299962e+00
-3.34020787636e+00
-3.58023251401e+00
-3.82815420046e+00
-4.08443112252e+00
-4.34953194016e+00
-4.62386556491e+00
-4.90772099135e+00
-5.20122535664e+00
-5.50432561102e+00
-5.81679569571e+00
-6.13826745441e+00
-6.46828017410e+00
-6.80634112405e+00
-7.15198807566e+00
-7.50484470927e+00
-7.86466102608e+00
-8.23133318340e+00
-8.60490020872e+00
-8.98551837853e+00
-9.37341719667e+00
-9.76884343552e+00
-1.01720012728e+01
-1.05829969687e+01
-1.10017957525e+01
-1.14281967614e+01
-1.18618292751e+01
-1.23021704982e+01
-1.27485821865e+01
-1.32003608963e+01
-1.36567949030e+01
-1.41172201001e+01
-1.45810675351e+01
-1.50478965789e+01
-1.55174098633e+01
-1.59894487239e+01
-1.64639705921e+01
-1.69410122139e+01
-1.74206443918e+01
-1.79029249382e+01
-1.83878565576e+01
-1.88753554775e+01
-1.93652349713e+01
-1.98572057098e+01
-2.03508924662e+01
-2.08458644217e+01
-2.13416744805e+01
-2.18379018537e+01
-2.23341918469e+01
-2.28302873081e+01
-2.33260474671e+01
-2.38214517314e+01
-2.43165881214e+01
-2.48116281374e+01
-2.53067916598e+01
-2.58023067523e+01
-2.62983698029e+01
-2.67951112493e+01
-2.72925712341e+01
-2.77906880649e+01
-2.82893005403e+01
-2.87881632915e+01
-2.92869725572e+01
-2.97853984780e+01
-3.02831192447e+01
-3.07798523399e+01
-3.12753786751e+01
-3.17695565409e+01
-3.22623237951e+01
-3.27536883842e+01
-3.32437089029e+01
-3.37324682206e+01
-3.42200440664e+01
-3.47064807756e+01
-3.51917661129e+01
-3.56758162802e+01
-3.61584710026e+01
-3.66394991457e+01
-3.71186138630e+01
-3.75954949923e+01
-3.80698154913e+01
-3.85412682446e+01
-3.90095896225e+01
-3.94745767239e+01
-3.99360961797e+01
-4.03940836064e+01
-4.08485340960e+01
-4.12994853330e+01
-4.17469958826e+01
-4.21911217700e+01
-4.26318946029e+01
-4.30693041775e+01
-4.35032878036e+01
-4.39337275992e+01
-4.43604558815e+01
-4.47832676754e+01
-4.52019384250e+01
-4.56162443498e+01
-4.60259826100e+01
-4.64309885694e+01
-4.68311479241e+01
-4.72264022473e+01
-4.76167474382e+01
-4.80022255538e+01
-4.83829113863e+01
-4.87588958189e+01
-4.91302683653e+01
-4.94971013269e+01
-4.98594376970e+01
-5.02172843551e+01
-5.05706113163e+01
-5.09193569395e+01
-5.12634381834e+01
-5.16027643258e+01
-5.19372521336e+01
-5.22668403251e+01
-5.25915013231e+01
-5.29112487182e+01
-5.32261394888e+01
-5.35362707579e+01
-5.38417716097e+01
-5.41427911375e+01
-5.44394843607e+01
-5.47319978835e+01
-5.50204571364e+01
-5.53049567666e+01
-5.55855552639e+01
-5.58622742999e+01
-5.61351026071e+01
-5.64040036201e+01
-5.66689256227e+01
-5.69298128610e+01
-5.71866160082e+01
-5.74393005306e+01
-5.76878518454e+01
-5.79322766567e+01
-5.81726004078e+01
-5.84088613378e+01
-5.86411020905e+01
-5.88693601412e+01
-5.90936584407e+01
-5.93139976139e+01
-5.95303508042e+01
-5.97426618758e+01
-5.99508472078e+01
-6.01548008329e+01
-6.03544022290e+01
-6.05495257407e+01
-6.07400504233e+01
-6.09258690838e+01
-6.11068954465e+01
-6.12830686526e+01
-6.14543546935e+01
-6.16207447955e+01
-6.17822511814e+01
-6.19389009663e+01
-6.20907291601e+01
-6.22377718257e+01
-6.23800603718e+01
-6.25176177573e+01
-6.26504570841e+01
-6.27785826985e+01
-6.29019935646e+01
-6.30206883543e+01
-6.31346714764e+01
-6.32439591465e+01
-6.33485846203e+01
-6.34486018383e+01
