# E_{ref,x} num, $\epsilon_1$ = 1, v = c/400 $\mu$m/s, x = 1$\mu$m, y = 1$\mu$m, b = -3.00$\mu$m
# $\epsilon_2$ = 1, $\hbar\mu$ = 0.70eV, $\hbar\gamma$ = 0.0001eV, $z_p=2.00\mu$m, z = 1$\mu$m
-1.84447925759e-05
-2.86130049025e-04
-1.39442237524e-03
-4.21300665228e-03
-9.76704365292e-03
-1.91095419330e-02
-3.32053665584e-02
-5.28408092093e-02
-7.85683089706e-02
-1.10690455961e-01
-1.49281670007e-01
-1.94240760326e-01
-2.45363653734e-01
-3.02423423756e-01
-3.65244578238e-01
-4.33760289745e-01
-5.08044532687e-01
-5.88315368899e-01
-6.74910227674e-01
-7.68238271301e-01
-8.68718221856e-01
-9.76711915599e-01
-1.09246413595e+00
-1.21605798459e+00
-1.34739243932e+00
-1.48618525329e+00
-1.63200051711e+00
-1.78429660467e+00
-1.94248736765e+00
-2.10600771727e+00
-2.27437434253e+00
-2.44723326663e+00
-2.62438805237e+00
-2.80580538835e+00
-2.99159807252e+00
-3.18198857835e+00
-3.37725899316e+00
-3.57769481100e+00
-3.78353063659e+00
-3.99490527404e+00
-4.21183205937e+00
-4.43418791774e+00
-4.66172184789e+00
-4.89408076624e+00
-5.13084827022e+00
-5.37159022467e+00
-5.61590034203e+00
-5.86343918418e+00
-6.11396118856e+00
-6.36732621285e+00
-6.62349440892e+00
-6.88250563828e+00
-7.14444678599e+00
-7.40941193073e+00
-7.67746117913e+00
-7.94858398365e+00
-8.22267196477e+00
-8.49950479023e+00
-8.77875075697e+00
-9.05998165479e+00
-9.34269955767e+00
-9.62637165072e+00
-9.91046824583e+00
-1.01944989531e+01
-1.04780422610e+01
-1.07607651293e+01
-1.10424304467e+01
-1.13228920911e+01
-1.16020789782e+01
-1.18799709530e+01
-1.21565701780e+01
-1.24318726422e+01
-1.27058432909e+01
-1.29783986697e+01
-1.32493986087e+01
-1.35186484009e+01
-1.37859100515e+01
-1.40509215530e+01
-1.43134199429e+01
-1.45731659335e+01
-1.48299658711e+01
-1.50836882552e+01
-1.53342726212e+01
-1.55817297489e+01
-1.58261333832e+01
-1.60676047979e+01
-1.63062924532e+01
-1.65423495715e+01
-1.67759126233e+01
-1.70070834667e+01
-1.72359172739e+01
-1.74624175086e+01
-1.76865382082e+01
-1.79081928341e+01
-1.81272680978e+01
-1.83436405819e+01
-1.85571936955e+01
-1.87678325880e+01
-1.89754950332e+01
-1.91801569518e+01
-1.93818320351e+01
-1.95805657740e+01
-1.97764249528e+01
-1.99694842451e+01
-2.01598118779e+01
-2.03474563739e+01
-2.05324361487e+01
-2.07147332770e+01
-2.08942921156e+01
-2.10710227872e+01
-2.12448088636e+01
-2.14155180540e+01
-2.15830143482e+01
-2.17471699410e+01
-2.19078753714e+01
-2.20650466252e+01
-2.22186284243e+01
-2.23685934770e+01
-2.25149380260e+01
-2.26576745213e+01
-2.27968225932e+01
-2.29323996836e+01
-2.30644126736e+01
-2.31928516508e+01
-2.33176866153e+01
-2.34388674884e+01
-2.35563273210e+01
-2.36699881709e+01
-2.37797687786e+01
-2.38855929671e+01
-2.39873976427e+01
-2.40851393752e+01
-2.41787987778e+01
-2.42683822327e+01
-2.43539208895e+01
-2.44354672267e+01
-2.45130897783e+01
-2.45868668383e+01
-2.46568797555e+01
-2.47232084804e+01
-2.47859254952e+01
-2.48450948657e+01
-2.49007717549e+01
-2.49530042426e+01
-2.50018367878e+01
-2.50473146769e+01
-2.50894885351e+01
-2.51284188246e+01
-2.51641787623e+01
-2.51968560164e+01
-2.52265522083e+01
-2.52533812810e+01
-2.52774657657e+01
-2.52989322396e+01
-2.53179062346e+01
-2.53345072560e+01
-2.53488444806e+01
-2.53610135884e+01
-2.53710950120e+01
-2.53791536792e+01
-2.53852401942e+01
-2.53893930179e+01
-2.53916414382e+01
-2.53920087044e+01
-2.53905149293e+01
-2.53871792843e+01
-2.53820213766e+01
-2.53750614584e+01
-2.53663196732e+01
-2.53558144534e+01
-2.53435603810e+01
-2.53295658796e+01
-2.53138311183e+01
-2.52963464732e+01
-2.52770918047e+01
-2.52560366612e+01
-2.52331416610e+01
-2.52083601685e+01
-2.51816414445e+01
-2.51529333934e+01
-2.51221857148e+01
-2.50893526589e+01
-2.50543952035e+01
-2.50172825839e+01
-2.49779929562e+01
-2.49365133375e+01
-2.48928389103e+01
-2.48469718996e+01
-2.47989202637e+01
-2.47486964223e+01
-2.46963163022e+01
-2.46417987313e+01
-2.45851654159e+01
-2.45264413695e+01
-2.44656557813e+01
-2.44028431533e+01
-2.43380445420e+01
-2.42713086595e+01
-2.42026927138e+01
-2.41322627957e+01
