# E_{ref,x} QE num, $\epsilon_1$ = 1, v = c/400 $\mu$m/s, x = 1$\mu$m, y = 1$\mu$m, b = -3.00$\mu$m
# $\epsilon_2$ = 1, $\hbar\mu$ = 0.70eV, $\hbar\gamma$ = 0.0001eV, $z_p=2.00\mu$m, z = 1$\mu$m
-1.84448200771e-05
-2.86130473818e-04
-1.39442443985e-03
-4.21301288315e-03
-9.76705810326e-03
-1.91095702543e-02
-3.32054159129e-02
-5.28408880464e-02
-7.85684267012e-02
-1.10690622562e-01
-1.49281895590e-01
-1.94241054708e-01
-2.45364026012e-01
-3.02423881931e-01
-3.65245128870e-01
-4.33760937657e-01
-5.08045280712e-01
-5.88316217669e-01
-6.74911175443e-01
-7.68239313816e-01
-8.68719352253e-01
-9.76713124357e-01
-1.09246541089e+00
-1.21605931091e+00
-1.34739379975e+00
-1.48618662826e+00
-1.63200188500e+00
-1.78429794218e+00
-1.94248865015e+00
-2.10600891928e+00
-2.27437543822e+00
-2.44723423035e+00
-2.62438885920e+00
-2.80580601466e+00
-2.99159849654e+00
-3.18198878071e+00
-3.37725895739e+00
-3.57769452402e+00
-3.78353008917e+00
-3.99490446116e+00
-4.21183098060e+00
-4.43418657748e+00
-4.66172025560e+00
-4.89407893655e+00
-5.13084622295e+00
-5.37158798481e+00
-5.61589793952e+00
-5.86343665367e+00
-6.11395856901e+00
-6.36732354702e+00
-6.62349174283e+00
-6.88250302046e+00
-7.14444426675e+00
-7.40940956133e+00
-7.67745901085e+00
-7.94858206688e+00
-8.22267034803e+00
-8.49950351920e+00
-8.77874987348e+00
-9.05998119586e+00
-9.34269955454e+00
-9.62637212792e+00
-9.91046922923e+00
-1.01945004447e+01
-1.04780442604e+01
-1.07607676259e+01
-1.10424334195e+01
-1.13228955085e+01
-1.16020827973e+01
-1.18799750927e+01
-1.21565745977e+01
-1.24318772657e+01
-1.27058480643e+01
-1.29784034650e+01
-1.32494033197e+01
-1.35186528772e+01
-1.37859142434e+01
-1.40509252968e+01
-1.43134231065e+01
-1.45731683816e+01
-1.48299674668e+01
-1.50836888619e+01
-1.53342721041e+01
-1.55817279767e+01
-1.58261302303e+01
-1.60676001457e+01
-1.63062861921e+01
-1.65423416028e+01
-1.67759028607e+01
-1.70070718377e+01
-1.72359037218e+01
-1.74624019933e+01
-1.76865207078e+01
-1.79081733453e+01
-1.81272466373e+01
-1.83436171863e+01
-1.85571684218e+01
-1.87678055134e+01
-1.89754662550e+01
-1.91801265865e+01
-1.93818002176e+01
-1.95805326565e+01
-1.97763907032e+01
-1.99694490455e+01
-2.01597759225e+01
-2.03474198670e+01
-2.05323993026e+01
-2.07146963088e+01
-2.08942552454e+01
-2.10709862348e+01
-2.12447728458e+01
-2.14154827815e+01
-2.15829800231e+01
-2.17471367535e+01
-2.19078434968e+01
-2.20650162214e+01
-2.22185996293e+01
-2.23685664056e+01
-2.25149127685e+01
-2.26576511409e+01
-2.27968011244e+01
-2.29323801310e+01
-2.30643950105e+01
-2.31928358190e+01
-2.33176725245e+01
-2.34388550163e+01
-2.35563163141e+01
-2.36699784451e+01
-2.37797601209e+01
-2.38855851373e+01
-2.39873903752e+01
-2.40851323821e+01
-2.41787917511e+01
-2.42683748480e+01
-2.43539128094e+01
-2.44354581044e+01
-2.45130792617e+01
-2.45868545744e+01
-2.46568656882e+01
-2.47231919399e+01
-2.47859061626e+01
-2.48450724287e+01
-2.49007459082e+01
-2.49529747146e+01
-2.50018033386e+01
-2.50472770626e+01
-2.50894466411e+01
-2.51283725197e+01
-2.51641279573e+01
-2.51968005911e+01
-2.52264922110e+01
-2.52533167603e+01
-2.52773968185e+01
-2.52988590111e+01
-2.53178289181e+01
-2.53344260916e+01
-2.53487597535e+01
-2.53609256266e+01
-2.53710041837e+01
-2.53790603995e+01
-2.53851448905e+01
-2.53892961558e+01
-2.53915435067e+01
-2.53919102105e+01
-2.53904163814e+01
-2.53870812197e+01
-2.53819243217e+01
-2.53749659337e+01
-2.53662261868e+01
-2.53557234947e+01
-2.53434724146e+01
-2.53294813388e+01
-2.53137503994e+01
-2.52962699302e+01
-2.52770197437e+01
-2.52559693683e+01
-2.52330792559e+01
-2.52083028467e+01
-2.51815892671e+01
-2.51528863690e+01
-2.51221437855e+01
-2.50893156909e+01
-2.50543630106e+01
-2.50172549065e+01
-2.49779694702e+01
-2.49364936561e+01
-2.48928225879e+01
-2.48469584357e+01
-2.47989091047e+01
-2.47486869793e+01
-2.46963079357e+01
-2.46417907800e+01
-2.45851571910e+01
-2.45264321660e+01
-2.44656448862e+01
-2.44028298566e+01
-2.43380281364e+01
-2.42712884581e+01
-2.42026680556e+01
-2.41322330541e+01
