# E_{ref,x} num, $\epsilon_1$ = 1, v = c/400 $\mu$m/s, x = 0$\mu$m, y = 0$\mu$m, b = -2.00$\mu$m
# $\epsilon_2$ = 1, $\hbar\mu$ = 0.70eV, $\hbar\gamma$ = 0.0001eV, $z_p=2.00\mu$m, z = 0$\mu$m
2.85702079281e-10
4.46652188250e-09
2.19505847914e-08
6.69197209523e-08
1.56630984995e-07
3.09548909631e-07
5.43529907260e-07
8.74261287348e-07
1.31411283445e-06
1.87149606904e-06
2.55075464615e-06
3.35253906238e-06
4.27455948201e-06
5.31256961712e-06
6.46141681854e-06
7.71600000744e-06
9.07200549740e-06
1.05263358400e-05
1.20772011948e-05
1.37238980419e-05
1.54663482507e-05
1.73045059356e-05
1.92377557827e-05
2.12644230807e-05
2.33814938817e-05
2.55846075435e-05
2.78683392288e-05
3.02267437897e-05
3.26540912770e-05
3.51456949941e-05
3.76987180116e-05
4.03128466959e-05
4.29907381556e-05
4.57381802625e-05
4.85639418469e-05
5.14793336067e-05
5.44975373115e-05
5.76327905065e-05
6.08995287130e-05
6.43115909896e-05
6.78815766706e-05
7.16204197477e-05
7.55372108710e-05
7.96392607640e-05
8.39323639801e-05
8.84211943709e-05
9.31097469675e-05
9.80017364619e-05
1.03100877935e-04
1.08410978569e-04
1.13935827779e-04
1.19678876742e-04
1.25642747806e-04
1.31828634601e-04
1.38235673130e-04
1.44860366481e-04
1.51696146146e-04
1.58733129674e-04
1.65958110730e-04
1.73354791274e-04
1.80904231273e-04
1.88585467195e-04
1.96376228432e-04
2.04253680033e-04
2.12195104035e-04
2.20178470089e-04
2.28182835259e-04
2.36188563159e-04
2.44177366166e-04
2.52132202909e-04
2.60037082708e-04
2.67876837113e-04
2.75636924567e-04
2.83303322506e-04
2.90862547990e-04
2.98301825994e-04
3.05609401084e-04
3.12774965314e-04
3.19790156709e-04
3.26649070607e-04
3.33348722402e-04
3.39889402760e-04
3.46274884857e-04
3.52512450629e-04
3.58612734585e-04
3.64589396424e-04
3.70458674431e-04
3.76238822919e-04
3.81949550372e-04
3.87611464915e-04
3.93245596709e-04
3.98873015922e-04
4.04514575856e-04
4.10190769222e-04
4.15921679529e-04
4.21726994114e-04
4.27626036708e-04
4.33637776386e-04
4.39780774633e-04
4.46073042723e-04
4.52531796195e-04
4.59173109175e-04
4.66011488306e-04
4.73059397328e-04
4.80326774062e-04
4.87820583697e-04
4.95544450024e-04
5.03498398385e-04
5.11678731916e-04
5.20078068534e-04
5.28685408014e-04
5.37486518475e-04
5.46464193771e-04
5.55598660827e-04
5.64867963235e-04
5.74248371369e-04
5.83714636467e-04
5.93240286773e-04
6.02797830718e-04
6.12358882729e-04
6.21894280226e-04
6.31374243713e-04
6.40768450955e-04
6.50046268461e-04
6.59177034195e-04
6.68130271763e-04
6.76876280092e-04
6.85386493217e-04
6.93634019825e-04
7.01594165062e-04
7.09244929819e-04
7.16567456651e-04
7.23546396192e-04
7.30170175803e-04
7.36431161707e-04
7.42325716104e-04
7.47854159932e-04
7.53020659315e-04
7.57833058095e-04
7.62302679892e-04
7.66444120972e-04
7.70275050074e-04
7.73816024419e-04
7.77090323240e-04
7.80123792028e-04
7.82944686593e-04
7.85583495737e-04
7.88072740073e-04
7.90446695936e-04
7.92741082757e-04
7.94992669494e-04
7.97238812403e-04
7.99516943698e-04
8.01864017214e-04
8.04315936095e-04
8.06906985583e-04
8.09669294320e-04
8.12632344951e-04
8.15822549989e-04
8.19262902520e-04
8.22972705366e-04
8.26967374718e-04
8.31258310297e-04
8.35852819914e-04
8.40754085307e-04
8.45961156883e-04
8.51468967797e-04
8.57268361954e-04
8.63346135280e-04
8.69685094663e-04
8.76264142223e-04
8.83058396360e-04
8.90039360653e-04
8.97175151279e-04
9.04430790530e-04
9.11768570233e-04
9.19148483456e-04
9.26528714171e-04
9.33866182238e-04
9.41117117386e-04
9.48237651811e-04
9.55184411879e-04
9.61915091625e-04
9.68388994934e-04
9.74567535467e-04
9.80414689313e-04
9.85897397992e-04
9.90985923860e-04
9.95654162171e-04
9.99879915320e-04
1.00364513451e-03
1.00693613275e-03
1.00974377067e-03
1.01206361371e-03
1.01389605643e-03
1.01524640699e-03
1.01612492361e-03
1.01654679376e-03
1.01653204830e-03
1.01610540395e-03
