# E_{ref,x} QE num, $\epsilon_1$ = 1, v = c/400 $\mu$m/s, x = 0$\mu$m, y = 0$\mu$m, b = -2.00$\mu$m
# $\epsilon_2$ = 1, $\hbar\mu$ = 0.70eV, $\hbar\gamma$ = 0.0001eV, $z_p=2.00\mu$m, z = 0$\mu$m
2.85758532657e-10
4.46741991833e-09
2.19550875774e-08
6.69337613237e-08
1.56664671294e-07
3.09617280137e-07
5.43653375728e-07
8.74465732228e-07
1.31442929618e-06
1.87196003295e-06
2.55140490292e-06
3.35341615300e-06
4.27570374947e-06
5.31401890280e-06
6.46320385579e-06
7.71814957926e-06
9.07453143784e-06
1.05292379701e-05
1.20804622933e-05
1.37274809575e-05
1.54701932677e-05
1.73085285052e-05
1.92418447328e-05
2.12684394097e-05
2.33852702382e-05
2.55879484790e-05
2.78710223124e-05
3.02285215834e-05
3.26546943391e-05
3.51448358018e-05
3.76960958653e-05
4.03081535678e-05
4.29836654675e-05
4.57284263470e-05
4.85512203011e-05
5.14633821280e-05
5.44781269961e-05
5.76097352746e-05
6.08726953463e-05
6.42809082755e-05
6.78470446805e-05
7.15821184193e-05
7.54953077782e-05
7.95940178355e-05
8.38841429406e-05
8.83704606418e-05
9.30570720200e-05
9.79477988201e-05
1.03046459013e-04
1.08356961217e-04
1.13883189229e-04
1.19628680010e-04
1.25596130658e-04
1.31786796337e-04
1.38199858477e-04
1.44831848477e-04
1.51676206116e-04
1.58723034945e-04
1.65959091671e-04
1.73368016759e-04
1.80930783213e-04
1.88626314119e-04
1.96432200450e-04
2.04325441303e-04
2.12283130180e-04
2.20283022546e-04
2.28303939853e-04
2.36325990429e-04
2.44330614421e-04
2.52300484625e-04
2.60219314091e-04
2.68071632447e-04
2.75842594548e-04
2.83517877422e-04
2.91083705903e-04
2.98527026128e-04
3.05835822498e-04
3.12999550922e-04
3.20009642596e-04
3.26860020479e-04
3.33547566678e-04
3.40072483485e-04
3.46438502997e-04
3.52652918210e-04
3.58726429708e-04
3.64672823527e-04
3.70508514541e-04
3.76252003456e-04
3.81923302273e-04
3.87543382556e-04
3.93133692950e-04
3.98715778827e-04
4.04311019544e-04
4.09940480188e-04
4.15624857535e-04
4.21384486450e-04
4.27239365094e-04
4.33209155712e-04
4.39313122817e-04
4.45569981079e-04
4.51997639772e-04
4.58612846951e-04
4.65430752449e-04
4.72464421960e-04
4.79724343326e-04
4.87217969361e-04
4.94949339009e-04
5.02918810747e-04
5.11122929950e-04
5.19554437634e-04
5.28202412910e-04
5.37052528298e-04
5.46087387010e-04
5.55286905831e-04
5.64628706754e-04
5.74088485217e-04
5.83640331042e-04
5.93256989815e-04
6.02910064554e-04
6.12570169284e-04
6.22207055283e-04
6.31789736546e-04
6.41286642340e-04
6.50665821833e-04
6.59895218835e-04
6.68943025162e-04
6.77778109930e-04
6.86370511236e-04
6.94691967251e-04
7.02716457246e-04
7.10420720573e-04
7.17784721779e-04
7.24792036393e-04
7.31430137880e-04
7.37690577831e-04
7.43569059449e-04
7.49065415555e-04
7.54183508604e-04
7.58931074831e-04
7.63319535866e-04
7.67363798743e-04
7.71082060422e-04
7.74495625752e-04
7.77628740097e-04
7.80508430224e-04
7.83164340862e-04
7.85628550482e-04
7.87935348681e-04
7.90120959334e-04
7.92223198066e-04
7.94281059012e-04
7.96334233262e-04
7.98422569019e-04
8.00585490022e-04
8.02861393750e-04
8.05287053336e-04
8.07897046958e-04
8.10723235854e-04
8.13794307335e-04
8.17135392959e-04
8.20767765422e-04
8.24708611280e-04
8.28970871514e-04
8.33563138407e-04
8.38489596040e-04
8.43749992407e-04
8.49339633983e-04
8.55249397695e-04
8.61465759941e-04
8.67970847225e-04
8.74742516763e-04
8.81754477971e-04
8.88976466674e-04
8.96374482482e-04
9.03911097130e-04
9.11545837065e-04
9.19235638588e-04
9.26935368532e-04
9.34598398551e-04
9.42177217552e-04
9.49624064451e-04
9.56891562985e-04
9.63933341499e-04
9.70704623375e-04
9.77162777303e-04
9.83267821005e-04
9.88982876014e-04
9.94274574658e-04
9.99113422959e-04
1.00347412421e-03
1.00733586789e-03
1.01068258713e-03
1.01350318557e-03
1.01579173157e-03
1.01754761494e-03
1.01877565865e-03
1.01948617688e-03
1.01969496982e-03
1.01942324676e-03
1.01869747102e-03
