# E_{ref,x} QE num, $\epsilon_1$ = 1, v = c/400 $\mu$m/s, x = 1$\mu$m, y = 1$\mu$m, b = -3.00$\mu$m
# $\epsilon_2$ = 1, $\hbar\mu$ = 0.70eV, $\hbar\gamma$ = 0.0001eV, $z_p=2.00\mu$m, z = 1$\mu$m
1.97271994922e-10
-6.37390943438e-09
-1.55574399828e-07
-1.20011132946e-06
-5.55995882670e-06
-1.89363540500e-05
-5.22826431740e-05
-1.23763977582e-04
-2.60259194338e-04
-4.97980403127e-04
-8.81906585917e-04
-1.46392492755e-03
-2.29981036035e-03
-3.44540446300e-03
-4.95253426120e-03
-6.86530316347e-03
-9.21736915626e-03
-1.20306977594e-02
-1.53160572538e-02
-1.90752463944e-02
-2.33047562564e-02
-2.80003172256e-02
-3.31616133864e-02
-3.87963908005e-02
-4.49232562757e-02
-5.15726513563e-02
-5.87857648947e-02
-6.66114737011e-02
-7.51017228011e-02
-8.43060227680e-02
-9.42659074931e-02
-1.05010232824e-01
-1.16552095919e-01
-1.28887929708e-01
-1.41999009089e-01
-1.55855242906e-01
-1.70420773492e-01
-1.85660617916e-01
-2.01547407037e-01
-2.18067238897e-01
-2.35223769870e-01
-2.53039906225e-01
-2.71556796191e-01
-2.90830208939e-01
-3.10924765355e-01
-3.31906799848e-01
-3.53836836135e-01
-3.76762722228e-01
-4.00714381090e-01
-4.25700906042e-01
-4.51710396822e-01
-4.78712541707e-01
-5.06663559812e-01
-5.35512782534e-01
-5.65209922331e-01
-5.95711983767e-01
-6.26988829087e-01
-6.59026609423e-01
-6.91828584025e-01
-7.25413228070e-01
-7.59809920037e-01
-7.95052846210e-01
-8.31174013169e-01
-8.68196383617e-01
-9.06128129687e-01
-9.44958835155e-01
-9.84658198159e-01
-1.02517742984e+00
-1.06645316308e+00
-1.10841333370e+00
-1.15098422287e+00
-1.19409769345e+00
-1.23769763275e+00
-1.28174473386e+00
-1.32621898609e+00
-1.37111956896e+00
-1.41646220570e+00
-1.46227438145e+00
-1.50858911781e+00
-1.55543818228e+00
-1.60284567189e+00
-1.65082283985e+00
-1.69936484451e+00
-1.74844981897e+00
-1.79804032987e+00
-1.84808696002e+00
-1.89853346083e+00
-1.94932271356e+00
-2.00040264305e+00
-2.05173125251e+00
-2.10328008917e+00
-2.15503568426e+00
-2.20699880391e+00
-2.25918165662e+00
-2.31160348604e+00
-2.36428519461e+00
-2.41724376671e+00
-2.47048727336e+00
-2.52401114552e+00
-2.57779621435e+00
-2.63180876373e+00
-2.68600255864e+00
-2.74032254226e+00
-2.79470967290e+00
-2.84910622734e+00
-2.90346084909e+00
-2.95773267168e+00
-3.01189398973e+00
-3.06593116149e+00
-3.11984367522e+00
-3.17364156359e+00
-3.22734156896e+00
-3.28096262082e+00
-3.33452126294e+00
-3.38802765438e+00
-3.44148267038e+00
-3.49487646097e+00
-3.54818861313e+00
-3.60138983650e+00
-3.65444488445e+00
-3.70731626004e+00
-3.75996816135e+00
-3.81237010308e+00
-3.86449971253e+00
-3.91634432663e+00
-3.96790119283e+00
-4.01917627531e+00
-4.07018186074e+00
-4.12093331829e+00
-4.17144547616e+00
-4.22172911746e+00
-4.27178806948e+00
-4.32161726689e+00
-4.37120202703e+00
-4.42051860461e+00
-4.46953591833e+00
-4.51821818684e+00
-4.56652809739e+00
-4.61443007059e+00
-4.66189318700e+00
-4.70889340146e+00
-4.75541478124e+00
-4.80144964529e+00
-4.84699763614e+00
-4.89206389923e+00
-4.93665666013e+00
-4.98078456092e+00
-5.02445413645e+00
-5.06766777791e+00
-5.11042245057e+00
-5.15270931930e+00
-5.19451430386e+00
-5.23581945672e+00
-5.27660494531e+00
-5.31685134392e+00
-5.35654190640e+00
-5.39566450328e+00
-5.43421296197e+00
-5.47218763833e+00
-5.50959515736e+00
-5.54644737574e+00
-5.58275972278e+00
-5.61854915533e+00
-5.65383200679e+00
-5.68862201516e+00
-5.72292878126e+00
-5.75675684156e+00
-5.79010545057e+00
-5.82296906912e+00
-5.85533845981e+00
-5.88720221325e+00
-5.91854847769e+00
-5.94936664659e+00
-5.97964877463e+00
-6.00939053919e+00
-6.03859163427e+00
-6.06725556600e+00
-6.09538890283e+00
-6.12300010606e+00
-6.15009812018e+00
-6.17669092831e+00
-6.20278427623e+00
-6.22838073771e+00
-6.25347924127e+00
-6.27807511114e+00
-6.30216060313e+00
-6.32572584908e+00
-6.34876007107e+00
-6.37125289446e+00
-6.39319558152e+00
-6.41458202413e+00
-6.43540937273e+00
-6.45567823182e+00
-6.47539241360e+00
-6.49455830104e+00
-6.51318392224e+00
-6.53127787297e+00
-6.54884823897e+00
-6.56590166358e+00
-6.58244268067e+00
