# omega [THz]     Im(E_{dir,x}) analytic     Im(E_{dir,x}) QE num     Im(E_{dir}) sin QE num, $\epsilon_1$ = 1, v = c/800 $\mu$m/s, b = -0.02$\mu$m, plot_fieldE_direct4.py
1.00000000000e-03	1.19515416685e+04	7.04992395027e-09	1.16586600292e-08
2.00000000000e-03	2.39030842070e+04	1.11350912580e-07	1.79915858806e-07
3.00000000000e-03	3.58546283584e+04	5.51627258056e-07	8.56564409411e-07
4.00000000000e-03	4.78061748086e+04	1.69077778287e-06	2.47753468581e-06
5.00000000000e-03	5.97577242083e+04	3.96612471198e-06	5.36997565978e-06
6.00000000000e-03	7.17092771819e+04	7.82502027585e-06	9.54214593078e-06
7.00000000000e-03	8.36608343334e+04	1.36507033476e-05	1.45043617626e-05
8.00000000000e-03	9.56123962493e+04	2.16841968858e-05	1.91681174419e-05
9.00000000000e-03	1.07563963502e+05	3.19485957455e-05	2.18611332045e-05
1.00000000000e-02	1.19515536650e+05	4.41822745521e-05	2.04794832296e-05
1.10000000000e-02	1.31467116242e+05	5.77873270710e-05	1.27761900290e-05
1.20000000000e-02	1.43418702815e+05	7.17989325810e-05	-3.23832715322e-06
1.30000000000e-02	1.55370296898e+05	8.48803527122e-05	-2.88313715058e-05
1.40000000000e-02	1.67321899010e+05	9.53469356219e-05	-6.40842203072e-05
1.50000000000e-02	1.79273509663e+05	1.01220903362e-04	-1.07505482504e-04
1.60000000000e-02	1.91225129362e+05	1.00316898806e-04	-1.55797976921e-04
1.70000000000e-02	2.03176758604e+05	9.03563592118e-05	-2.03844967393e-04
1.80000000000e-02	2.15128397882e+05	6.91068615753e-05	-2.44960331543e-04
1.90000000000e-02	2.27080047680e+05	3.45407519418e-05	-2.71417076975e-04
2.00000000000e-02	2.39031708478e+05	-1.49942725074e-05	-2.75232640624e-04
2.10000000000e-02	2.50983380752e+05	-8.06013178828e-05	-2.49151715677e-04
2.20000000000e-02	2.62935064969e+05	-1.62666861433e-04	-1.87732622062e-04
2.30000000000e-02	2.74886761594e+05	-2.60709955967e-04	-8.84161864969e-05
2.40000000000e-02	2.86838471088e+05	-3.73258346355e-04	4.75590911083e-05
2.50000000000e-02	2.98790193905e+05	-4.97761301013e-04	2.14532032738e-04
2.60000000000e-02	3.10741930496e+05	-6.30547956229e-04	4.02204073331e-04
2.70000000000e-02	3.22693681310e+05	-7.66838451293e-04	5.95922389878e-04
2.80000000000e-02	3.34645446788e+05	-9.00813140042e-04	7.77501738249e-04
2.90000000000e-02	3.46597227370e+05	-1.02574276647e-03	9.26569145765e-04
3.00000000000e-02	3.58549023491e+05	-1.13417977704e-03	1.02235437328e-03
3.10000000000e-02	3.70500835585e+05	-1.21820801817e-03	1.04578983851e-03
3.20000000000e-02	3.82452664079e+05	-1.26974505647e-03	9.81733332927e-04
3.30000000000e-02	3.94404509399e+05	-1.28088839496e-03	8.21091799850e-04
3.40000000000e-02	4.06356371967e+05	-1.24429407752e-03	5.62609943192e-04
3.50000000000e-02	4.18308252203e+05	-1.15357371333e-03	2.14096947198e-04
3.60000000000e-02	4.30260150523e+05	-1.00369394191e-03	-2.07100781343e-04
3.70000000000e-02	4.42212067339e+05	-7.91360914043e-04	-6.74514697301e-04
3.80000000000e-02	4.54164003063e+05	-5.15371581741e-04	-1.15391318082e-03
3.90000000000e-02	4.66115958102e+05	-1.76913546235e-04	-1.60557011529e-03
4.00000000000e-02	4.78067932861e+05	2.20204047517e-04	-1.98731335943e-03
4.10000000000e-02	4.90019927743e+05	6.69404542438e-04	-2.25813327686e-03
4.20000000000e-02	5.01971943146e+05	1.16129637893e-03	-2.38205585748e-03
4.30000000000e-02	5.13923979470e+05	1.68373488306e-03	-2.33193274826e-03
4.40000000000e-02	5.25876037107e+05	2.22200013630e-03	-2.09277874661e-03
4.50000000000e-02	5.37828116452e+05	2.75909360143e-03	-1.66430040971e-03
4.60000000000e-02	5.49780217894e+05	3.27615156235e-03	-1.06230857492e-03
4.70000000000e-02	5.61732341822e+05	3.75296859763e-03	-3.18790390006e-04
4.80000000000e-02	5.73684488620e+05	4.16861943018e-03	5.19472986939e-04
4.90000000000e-02	5.85636658673e+05	4.50216277441e-03	1.39372757772e-03
5.00000000000e-02	5.97588852361e+05	4.73340643364e-03	2.23735467231e-03
5.10000000000e-02	6.09541070066e+05	4.84370907846e-03	2.98098284146e-03
5.20000000000e-02	6.21493312162e+05	4.81679104101e-03	3.55820852773e-03
5.30000000000e-02	6.33445579027e+05	4.63952425287e-03	3.91144805533e-03
5.40000000000e-02	6.45397871034e+05	4.30267026803e-03	3.99740226683e-03
5.50000000000e-02	6.57350188553e+05	3.80153524853e-03	3.79161977296e-03
5.60000000000e-02	6.69302531954e+05	3.13651190942e-03	3.29169804129e-03
5.70000000000e-02	6.81254901605e+05	2.31348074121e-03	2.51876072182e-03
5.80000000000e-02	6.93207297873e+05	1.34404632443e-03	1.51698762640e-03
5.90000000000e-02	7.05159721120e+05	2.45589149825e-04	3.51139483818e-04
6.00000000000e-02	7.17112171710e+05	-9.58881059114e-04	-8.97801358976e-04
6.10000000000e-02	7.29064650003e+05	-2.24107811854e-03	-2.13857699448e-03
6.20000000000e-02	7.41017156357e+05	-3.56799881820e-03	-3.27673298661e-03
6.30000000000e-02	7.52969691131e+05	-4.90268216055e-03	-4.22225528618e-03
6.40000000000e-02	7.64922254680e+05	-6.20515398890e-03	-4.89711666175e-03
6.50000000000e-02	7.76874847357e+05	-7.43353516432e-03	-5.24206781926e-03
6.60000000000e-02	7.88827469515e+05	-8.54528444157e-03	-5.22205247578e-03
6.70000000000e-02	8.00780121505e+05	-9.49854087495e-03	-4.82972841381e-03
6.80000000000e-02	8.12732803676e+05	-1.02535252165e-02	-4.08673044823e-03
6.90000000000e-02	8.24685516376e+05	-1.07739555895e-02	-3.04250363753e-03
7.00000000000e-02	8.36638259951e+05	-1.10284299323e-02	-1.77074921903e-03
7.10000000000e-02	8.48591034746e+05	-1.09917264730e-02	-3.63742266103e-04
7.20000000000e-02	8.60543841105e+05	-1.06459739243e-02	1.07502128137e-03
7.30000000000e-02	8.72496679368e+05	-9.98164523484e-03	2.43922895894e-03
7.40000000000e-02	8.84449549877e+05	-8.99833259534e-03	3.62847993480e-03
7.50000000000e-02	8.96402452970e+05	-7.70526690578e-03	4.55656608850e-03
7.60000000000e-02	9.08355388986e+05	-6.12155193601e-03	5.15856255729e-03
7.70000000000e-02	9.20308358260e+05	-4.27609177032e-03	5.39608173028e-03
7.80000000000e-02	9.32261361128e+05	-2.20719957279e-03	5.26020459665e-03
7.90000000000e-02	9.44214397923e+05	3.81140434421e-05	4.77181207200e-03
8.00000000000e-02	9.56167468978e+05	2.40516404197e-03	3.97927767985e-03
8.10000000000e-02	9.68120574624e+05	4.83290554997e-03	2.95372960174e-03
8.20000000000e-02	9.80073715190e+05	7.25550959694e-03	1.78232113389e-03
8.30000000000e-02	9.92026891004e+05	9.60415965456e-03	5.60141397375e-04
8.40000000000e-02	1.00398010240e+06	1.18090196869e-02	-6.18466742505e-04
8.50000000000e-02	1.01593334969e+06	1.38013168247e-02	-1.66835157008e-03
8.60000000000e-02	1.02788663321e+06	1.55154758357e-02	-2.52094704353e-03
8.70000000000e-02	1.03983995328e+06	1.68912385327e-02	-3.12990051275e-03
8.80000000000e-02	1.05179331023e+06	1.78756993504e-02	-3.47438618795e-03
8.90000000000e-02	1.06374670437e+06	1.84251886549e-02	-3.55978314638e-03
9.00000000000e-02	1.07570013602e+06	1.85069379992e-02	-3.41565906404e-03
9.10000000000e-02	1.08765360551e+06	1.81004664777e-02	-3.09127419539e-03
9.20000000000e-02	1.09960711315e+06	1.71986344641e-02	-2.64907735835e-03
9.30000000000e-02	1.11156065926e+06	1.58083201756e-02	-2.15688057463e-03
9.40000000000e-02	1.12351424415e+06	1.39506854208e-02	-1.67954875202e-03
9.50000000000e-02	1.13546786814e+06	1.16610092626e-02	-1.27110834405e-03
9.60000000000e-02	1.14742153154e+06	8.98808176316e-03	-9.68154921460e-04
9.70000000000e-02	1.15937523467e+06	5.99316406174e-03	-7.85323529222e-04
9.80000000000e-02	1.17132897783e+06	2.74853530642e-03	-7.13386286854e-04
9.90000000000e-02	1.18328276134e+06	-6.64339062472e-04	-7.20276300031e-04
1.00000000000e-01	1.19523658550e+06	-4.15696997285e-03	-7.55030239475e-04
1.01000000000e-01	1.20719045063e+06	-7.63627865184e-03	-7.54323655987e-04
1.02000000000e-01	1.21914435703e+06	-1.10072318572e-02	-6.50975324384e-04
1.03000000000e-01	1.23109830500e+06	-1.41756002034e-02	-3.83550980140e-04
1.04000000000e-01	1.24305229486e+06	-1.70507555292e-02	9.39698188351e-05
1.05000000000e-01	1.25500632690e+06	-1.95484200489e-02	8.03566616921e-04
1.06000000000e-01	1.26696040143e+06	-2.15932796356e-02	1.73664873966e-03
1.07000000000e-01	1.27891451875e+06	-2.31213760820e-02	2.85052418198e-03
1.08000000000e-01	1.29086867917e+06	-2.40821985480e-02	4.06850727620e-03
1.09000000000e-01	1.30282288298e+06	-2.44404025214e-02	5.28396431871e-03
1.10000000000e-01	1.31477713048e+06	-2.41770952733e-02	6.36820339434e-03
1.11000000000e-01	1.32673142197e+06	-2.32906396717e-02	7.18170669208e-03
1.12000000000e-01	1.33868575775e+06	-2.17969429480e-02	7.58782050475e-03
1.13000000000e-01	1.35064013812e+06	-1.97292131174e-02	7.46769929222e-03
1.14000000000e-01	1.36259456336e+06	-1.71371827391e-02	6.73508084541e-03
1.15000000000e-01	1.37454903379e+06	-1.40858169874e-02	5.34937703780e-03
1.16000000000e-01	1.38650354968e+06	-1.06535400316e-02	3.32561534463e-03
1.17000000000e-01	1.39845811133e+06	-6.93002990401e-03	7.39963725772e-04
1.18000000000e-01	1.41041271904e+06	-3.01364680382e-03	-2.27009483554e-03
1.19000000000e-01	1.42236737309e+06	9.91427370403e-04	-5.51142591520e-03
1.20000000000e-01	1.43432207378e+06	4.97825002543e-03	-8.74671097009e-03
1.21000000000e-01	1.44627682140e+06	8.84028353061e-03	-1.17111307714e-02
1.22000000000e-01	1.45823161623e+06	1.24745650896e-02	-1.41331434377e-02
1.23000000000e-01	1.47018645856e+06	1.57847791377e-02	-1.57577723039e-02
1.24000000000e-01	1.48214134868e+06	1.86841327207e-02	-1.63704735715e-02
1.25000000000e-01	1.49409628688e+06	2.10979398304e-02	-1.58194651432e-02
1.26000000000e-01	1.50605127344e+06	2.29658294315e-02	-1.40343924860e-02
1.27000000000e-01	1.51800630864e+06	2.42435036556e-02	-1.10393954694e-02
1.28000000000e-01	1.52996139278e+06	2.49039870132e-02	-6.95901528890e-03
1.29000000000e-01	1.54191652612e+06	2.49383240164e-02	-2.01591877691e-03
1.30000000000e-01	1.55387170896e+06	2.43557007861e-02	3.47992146260e-03
1.31000000000e-01	1.56582694158e+06	2.31829854291e-02	9.15022175081e-03
1.32000000000e-01	1.57778222425e+06	2.14637015643e-02	1.45744488331e-02
1.33000000000e-01	1.58973755725e+06	1.92564686860e-02	1.93211592942e-02
1.34000000000e-01	1.60169294088e+06	1.66329613968e-02	2.29822683850e-02
1.35000000000e-01	1.61364837539e+06	1.36754562798e-02	2.52075168080e-02
1.36000000000e-01	1.62560386108e+06	1.04740496997e-02	2.57362398700e-02
1.37000000000e-01	1.63755939821e+06	7.12364159538e-03	2.44236226066e-02
1.38000000000e-01	1.64951498707e+06	3.72078890178e-03	2.12589510479e-02
1.39000000000e-01	1.66147062793e+06	3.60537271136e-04	1.63739261007e-02
1.40000000000e-01	1.67342632106e+06	-2.86665896352e-03	1.00398540050e-02
1.41000000000e-01	1.68538206673e+06	-5.87782122966e-03	2.65340914462e-03
1.42000000000e-01	1.69733786523e+06	-8.60003461492e-03	-5.28838965243e-03
1.43000000000e-01	1.70929371682e+06	-1.09726483310e-02	-1.32224182987e-02
1.44000000000e-01	1.72124962177e+06	-1.29490112369e-02	-2.05604972108e-02
1.45000000000e-01	1.73320558036e+06	-1.44976812148e-02	-2.67341839664e-02
1.46000000000e-01	1.74516159285e+06	-1.56030658571e-02	-3.12398123418e-02
1.47000000000e-01	1.75711765952e+06	-1.62654723255e-02	-3.36801311000e-02
1.48000000000e-01	1.76907378063e+06	-1.65005656736e-02	-3.37990466551e-02
1.49000000000e-01	1.78102995646e+06	-1.63382566359e-02	-3.15064223261e-02
1.50000000000e-01	1.79298618726e+06	-1.58210610893e-02	-2.68906045892e-02
1.51000000000e-01	1.80494247331e+06	-1.50019933335e-02	-2.02172808638e-02
1.52000000000e-01	1.81689881487e+06	-1.39420732581e-02	-1.19143512228e-02
1.53000000000e-01	1.82885521221e+06	-1.27075426880e-02	-2.54363098609e-03
1.54000000000e-01	1.84081166558e+06	-1.13668981374e-02	7.23870170065e-03
1.55000000000e-01	1.85276817527e+06	-9.98785534842e-03	1.67300328456e-02
1.56000000000e-01	1.86472474153e+06	-8.63436499263e-03	2.52339825835e-02
1.57000000000e-01	1.87668136461e+06	-7.36379854331e-03	3.21137188457e-02
1.58000000000e-01	1.88863804479e+06	-6.22441851330e-03	3.68416765851e-02
1.59000000000e-01	1.90059478233e+06	-5.25323809123e-03	3.90416529816e-02
1.60000000000e-01	1.91255157748e+06	-4.47436193966e-03	3.85197943981e-02
1.61000000000e-01	1.92450843051e+06	-3.89788294720e-03	3.52818335333e-02
1.62000000000e-01	1.93646534168e+06	-3.51938959323e-03	2.95350098039e-02
1.63000000000e-01	1.94842231124e+06	-3.32011595887e-03	2.16743262388e-02
1.64000000000e-01	1.96037933946e+06	-3.26774207409e-03	1.22540620629e-02
1.65000000000e-01	1.97233642658e+06	-3.31782708188e-03	1.94666626828e-03
1.66000000000e-01	1.98429357287e+06	-3.41583253148e-03	-8.50779805034e-03
1.67000000000e-01	1.99625077859e+06	-3.49966890702e-03	-1.83576954688e-02
1.68000000000e-01	2.00820804399e+06	-3.50267616917e-03	-2.68969100204e-02
1.69000000000e-01	2.02016536932e+06	-3.35692950203e-03	-3.35184411320e-02
1.70000000000e-01	2.03212275485e+06	-2.99674540562e-03	-3.77602236195e-02
1.71000000000e-01	2.04408020081e+06	-2.36225143956e-03	-3.93395134576e-02
1.72000000000e-01	2.05603770748e+06	-1.40287585543e-03	-3.81731088478e-02
1.73000000000e-01	2.06799527509e+06	-8.06114463617e-05	-3.43818333693e-02
1.74000000000e-01	2.07995290391e+06	1.62708858860e-03	-2.82789980407e-02
1.75000000000e-01	2.09191059418e+06	3.72491608880e-03	-2.03438733169e-02
1.76000000000e-01	2.10386834615e+06	6.19793388051e-03	-1.11824291201e-02
1.77000000000e-01	2.11582616008e+06	9.01052240066e-03	-1.47863668604e-03
1.78000000000e-01	2.12778403622e+06	1.21061237821e-02	8.05961791122e-03
1.79000000000e-01	2.13974197480e+06	1.54078331503e-02	1.67555465684e-02
1.80000000000e-01	2.15169997610e+06	1.88198570491e-02	2.40149029324e-02
1.81000000000e-01	2.16365804034e+06	2.22298272682e-02	2.93697092175e-02
1.82000000000e-01	2.17561616778e+06	2.55119259613e-02	3.25108153888e-02
1.83000000000e-01	2.18757435867e+06	2.85307459519e-02	3.33068256950e-02
1.84000000000e-01	2.19953261325e+06	3.11457796797e-02	3.18081150469e-02
1.85000000000e-01	2.21149093177e+06	3.32164024769e-02	2.82359429596e-02
1.86000000000e-01	2.22344931447e+06	3.46071918461e-02	2.29579431664e-02
1.87000000000e-01	2.23540776160e+06	3.51934051309e-02	1.64524115325e-02
1.88000000000e-01	2.24736627340e+06	3.48664242495e-02	9.26473388525e-03
1.89000000000e-01	2.25932485012e+06	3.35389686823e-02	1.95990942804e-03
1.90000000000e-01	2.27128349199e+06	3.11498771473e-02	-4.92461754717e-03
1.91000000000e-01	2.28324219927e+06	2.76682646033e-02	-1.09217249068e-02
1.92000000000e-01	2.29520097220e+06	2.30968744416e-02	-1.56693693179e-02
1.93000000000e-01	2.30715981100e+06	1.74744657233e-02	-1.89345226455e-02
1.94000000000e-01	2.31911871594e+06	1.08771016565e-02	-2.06245202294e-02
1.95000000000e-01	2.33107768724e+06	3.41823748799e-03	-2.07852401662e-02
1.96000000000e-01	2.34303672515e+06	-4.75245728348e-03	-1.95867554206e-02
1.97000000000e-01	2.35499582991e+06	-1.34515670752e-02	-1.72982464726e-02
1.98000000000e-01	2.36695500175e+06	-2.24656706694e-02	-1.42549260856e-02
1.99000000000e-01	2.37891424092e+06	-3.15562919937e-02	-1.08204214101e-02
2.00000000000e-01	2.39087354764e+06	-4.04659558391e-02	-7.34841893567e-03
