# omega/omega_{WG}     k_parallel [1/micrones], $\epsilon_2$ = 12, d = 20nm, find_zeros_Silica_Eduardo_Eqs_tot.py
1.00125906133e+00	4.74209291066e+01
1.00626530663e+00	4.76582005624e+01
1.01127155194e+00	4.78956999666e+01
1.01627779725e+00	4.81334308106e+01
1.02128404255e+00	4.83713966940e+01
1.02629028786e+00	4.86096013270e+01
1.03129653317e+00	4.88480485405e+01
1.03630277847e+00	4.90867422775e+01
1.04130902378e+00	4.93256866065e+01
1.04631526909e+00	4.95648857205e+01
1.05132151439e+00	4.98043439406e+01
1.05632775970e+00	5.00440657199e+01
1.06133400501e+00	5.02840556469e+01
1.06634025031e+00	5.05243184494e+01
1.07134649562e+00	5.07648589982e+01
1.07635274093e+00	5.10056823115e+01
1.08135898623e+00	5.12467935589e+01
1.08636523154e+00	5.14881980657e+01
1.09137147685e+00	5.17299013180e+01
1.09637772215e+00	5.19719089664e+01
1.10138396746e+00	5.22142268318e+01
1.10639021277e+00	5.24568609102e+01
1.11139645807e+00	5.26998173779e+01
1.11640270338e+00	5.29431025970e+01
1.12140894869e+00	5.31867231214e+01
1.12641519399e+00	5.34306857021e+01
1.13142143930e+00	5.36749972940e+01
1.13642768461e+00	5.39196650620e+01
1.14143392991e+00	5.41646963875e+01
1.14644017522e+00	5.44100988754e+01
1.15144642053e+00	5.46558803615e+01
1.15645266583e+00	5.49020489193e+01
1.16145891114e+00	5.51486128690e+01
1.16646515645e+00	5.53955807836e+01
1.17147140175e+00	5.56429614990e+01
1.17647764706e+00	5.58907641216e+01
1.18148389237e+00	5.61389980381e+01
1.18649013767e+00	5.63876729240e+01
1.19149638298e+00	5.66367987543e+01
1.19650262829e+00	5.68863858128e+01
1.20150887359e+00	5.71364447030e+01
1.20651511890e+00	5.73869863591e+01
1.21152136421e+00	5.76380220574e+01
1.21652760951e+00	5.78895634278e+01
1.22153385482e+00	5.81416224666e+01
1.22654010013e+00	5.83942115491e+01
1.23154634543e+00	5.86473434429e+01
1.23655259074e+00	5.89010313220e+01
1.24155883605e+00	5.91552887810e+01
1.24656508135e+00	5.94101298502e+01
1.25157132666e+00	5.96655690116e+01
1.25657757196e+00	5.99216212148e+01
1.26158381727e+00	6.01783018941e+01
1.26659006258e+00	6.04356269864e+01
1.27159630788e+00	6.06936129494e+01
1.27660255319e+00	6.09522767808e+01
1.28160879850e+00	6.12116360385e+01
1.28661504380e+00	6.14717088614e+01
1.29162128911e+00	6.17325139907e+01
1.29662753442e+00	6.19940707930e+01
1.30163377972e+00	6.22563992840e+01
1.30664002503e+00	6.25195201524e+01
1.31164627034e+00	6.27834547861e+01
1.31665251564e+00	6.30482252990e+01
1.32165876095e+00	6.33138545581e+01
1.32666500626e+00	6.35803662135e+01
1.33167125156e+00	6.38477847279e+01
1.33667749687e+00	6.41161354087e+01
1.34168374218e+00	6.43854444408e+01
1.34668998748e+00	6.46557389206e+01
1.35169623279e+00	6.49270468923e+01
1.35670247810e+00	6.51993973852e+01
1.36170872340e+00	6.54728204524e+01
1.36671496871e+00	6.57473472118e+01
1.37172121402e+00	6.60230098882e+01
1.37672745932e+00	6.62998418579e+01
1.38173370463e+00	6.65778776946e+01
1.38673994994e+00	6.68571532179e+01
1.39174619524e+00	6.71377055430e+01
1.39675244055e+00	6.74195731337e+01
1.40175868586e+00	6.77027958568e+01
1.40676493116e+00	6.79874150391e+01
1.41177117647e+00	6.82734735268e+01
1.41677742178e+00	6.85610157480e+01
1.42178366708e+00	6.88500877768e+01
1.42678991239e+00	6.91407374010e+01
1.43179615770e+00	6.94330141926e+01
1.43680240300e+00	6.97269695806e+01
1.44180864831e+00	7.00226569279e+01
1.44681489362e+00	7.03201316104e+01
1.45182113892e+00	7.06194511001e+01
1.45682738423e+00	7.09206750514e+01
1.46183362954e+00	7.12238653907e+01
1.46683987484e+00	7.15290864101e+01
1.47184612015e+00	7.18364048646e+01
1.47685236546e+00	7.21458900729e+01
1.48185861076e+00	7.24576140227e+01
1.48686485607e+00	7.27716514797e+01
1.49187110138e+00	7.30880801008e+01
1.49687734668e+00	7.34069805516e+01
1.50188359199e+00	7.37284366284e+01
1.50688983730e+00	7.40525353838e+01
1.51189608260e+00	7.43793672577e+01
1.51690232791e+00	7.47090262120e+01
1.52190857322e+00	7.50416098703e+01
1.52691481852e+00	7.53772196612e+01
1.53192106383e+00	7.57159609668e+01
1.53692730914e+00	7.60579432752e+01
1.54193355444e+00	7.64032803366e+01
1.54693979975e+00	7.67520903245e+01
1.55194604506e+00	7.71044959993e+01
1.55695229036e+00	7.74606248768e+01
1.56195853567e+00	7.78206093988e+01
1.56696478098e+00	7.81845871067e+01
1.57197102628e+00	7.85527008180e+01
1.57697727159e+00	7.89250988035e+01
1.58198351690e+00	7.93019349663e+01
1.58698976220e+00	7.96833690206e+01
1.59199600751e+00	8.00695666699e+01
1.59700225282e+00	8.04606997839e+01
1.60200849812e+00	8.08569465713e+01
1.60701474343e+00	8.12584917502e+01
1.61202098874e+00	8.16655267108e+01
1.61702723404e+00	8.20782496716e+01
1.62203347935e+00	8.24968658263e+01
1.62703972466e+00	8.29215874783e+01
1.63204596996e+00	8.33526341622e+01
1.63705221527e+00	8.37902327476e+01
1.64205846058e+00	8.42346175247e+01
1.64706470588e+00	8.46860302662e+01
1.65207095119e+00	8.51447202637e+01
1.65707719650e+00	8.56109443342e+01
1.66208344180e+00	8.60849667928e+01
1.66708968711e+00	8.65670593877e+01
1.67209593242e+00	8.70575011919e+01
1.67710217772e+00	8.75565784483e+01
1.68210842303e+00	8.80645843625e+01
1.68711466834e+00	8.85818188371e+01
1.69212091364e+00	8.91085881443e+01
1.69712715895e+00	8.96452045296e+01
1.70213340426e+00	9.01919857420e+01
1.70713964956e+00	9.07492544851e+01
1.71214589487e+00	9.13173377841e+01
1.71715214018e+00	9.18965662644e+01
1.72215838548e+00	9.24872733360e+01
1.72716463079e+00	9.30897942818e+01
1.73217087610e+00	9.37044652452e+01
1.73717712140e+00	9.43316221164e+01
1.74218336671e+00	9.49715993152e+01
1.74718961202e+00	9.56247284721e+01
1.75219585732e+00	9.62913370089e+01
1.75720210263e+00	9.69717466226e+01
1.76220834793e+00	9.76662716797e+01
1.76721459324e+00	9.83752175264e+01
1.77222083855e+00	9.90988787269e+01
1.77722708385e+00	9.98375372413e+01
1.78223332916e+00	1.00591460558e+02
1.78723957447e+00	1.01360899796e+02
1.79224581977e+00	1.02146087804e+02
1.79725206508e+00	1.02947237258e+02
1.80225831039e+00	1.03764538813e+02
1.80726455569e+00	1.04598159297e+02
1.81227080100e+00	1.05448240002e+02
1.81727704631e+00	1.06314895077e+02
1.82228329161e+00	1.07198210067e+02
1.82728953692e+00	1.08098240608e+02
1.83229578223e+00	1.09015011311e+02
1.83730202753e+00	1.09948514852e+02
1.84230827284e+00	1.10898711294e+02
1.84731451815e+00	1.11865527646e+02
1.85232076345e+00	1.12848857684e+02
1.85732700876e+00	1.13848562029e+02
1.86233325407e+00	1.14864468497e+02
1.86733949937e+00	1.15896372715e+02
1.87234574468e+00	1.16944038988e+02
1.87735198999e+00	1.18007201427e+02
1.88235823529e+00	1.19085565299e+02
1.88736448060e+00	1.20178808600e+02
1.89237072591e+00	1.21286583817e+02
1.89737697121e+00	1.22408519852e+02
1.90238321652e+00	1.23544224090e+02
1.90738946183e+00	1.24693284579e+02
1.91239570713e+00	1.25855272278e+02
1.91740195244e+00	1.27029743370e+02
1.92240819775e+00	1.28216241584e+02
1.92741444305e+00	1.29414300518e+02
1.93242068836e+00	1.30623445922e+02
1.93742693367e+00	1.31843197933e+02
1.94243317897e+00	1.33073073224e+02
1.94743942428e+00	1.34312587060e+02
1.95244566959e+00	1.35561255248e+02
1.95745191489e+00	1.36818595949e+02
1.96245816020e+00	1.38084131374e+02
1.96746440551e+00	1.39357389328e+02
1.97247065081e+00	1.40637904615e+02
1.97747689612e+00	1.41925220297e+02
1.98248314143e+00	1.43218888808e+02
1.98748938673e+00	1.44518472924e+02
1.99249563204e+00	1.45823546601e+02
1.99750187735e+00	1.47133695677e+02
2.00250812265e+00	1.48448518444e+02
2.00751436796e+00	1.49767626111e+02
2.01252061327e+00	1.51090643151e+02
2.01752685857e+00	1.52417207546e+02
2.02253310388e+00	1.53746970940e+02
2.02753934919e+00	1.55079598713e+02
2.03254559449e+00	1.56414769967e+02
2.03755183980e+00	1.57752177456e+02
2.04255808511e+00	1.59091527450e+02
2.04756433041e+00	1.60432539548e+02
2.05257057572e+00	1.61774946449e+02
2.05757682103e+00	1.63118493678e+02
2.06258306633e+00	1.64462939289e+02
2.06758931164e+00	1.65808053531e+02
2.07259555695e+00	1.67153618503e+02
2.07760180225e+00	1.68499427789e+02
2.08260804756e+00	1.69845286071e+02
2.08761429287e+00	1.71191008754e+02
2.09262053817e+00	1.72536421564e+02
2.09762678348e+00	1.73881360157e+02
2.10263302879e+00	1.75225669726e+02
2.10763927409e+00	1.76569204607e+02
2.11264551940e+00	1.77911827893e+02
2.11765176471e+00	1.79253411052e+02
2.12265801001e+00	1.80593833551e+02
2.12766425532e+00	1.81932982496e+02
2.13267050063e+00	1.83270752268e+02
2.13767674593e+00	1.84607044183e+02
2.14268299124e+00	1.85941766154e+02
2.14768923655e+00	1.87274832368e+02
2.15269548185e+00	1.88606162968e+02
2.15770172716e+00	1.89935683759e+02
2.16270797247e+00	1.91263325911e+02
2.16771421777e+00	1.92589025684e+02
2.17272046308e+00	1.93912724161e+02
2.17772670839e+00	1.95234366991e+02
2.18273295369e+00	1.96553904141e+02
2.18773919900e+00	1.97871289671e+02
2.19274544431e+00	1.99186481502e+02
2.19775168961e+00	2.00499441208e+02
2.20275793492e+00	2.01810133812e+02
2.20776418023e+00	2.03118527591e+02
2.21277042553e+00	2.04424593897e+02
2.21777667084e+00	2.05728306979e+02
2.22278291615e+00	2.07029643816e+02
2.22778916145e+00	2.08328583961e+02
2.23279540676e+00	2.09625109395e+02
2.23780165207e+00	2.10919204378e+02
2.24280789737e+00	2.12210855320e+02
2.24781414268e+00	2.13500050651e+02
2.25282038798e+00	2.14786780699e+02
2.25782663329e+00	2.16071037582e+02
2.26283287860e+00	2.17352815089e+02
2.26783912390e+00	2.18632108589e+02
2.27284536921e+00	2.19908914924e+02
2.27785161452e+00	2.21183232323e+02
2.28285785982e+00	2.22455060315e+02
2.28786410513e+00	2.23724399644e+02
2.29287035044e+00	2.24991252193e+02
2.29787659574e+00	2.26255620910e+02
2.30288284105e+00	2.27517509741e+02
2.30788908636e+00	2.28776923562e+02
2.31289533166e+00	2.30033868117e+02
2.31790157697e+00	2.31288349961e+02
2.32290782228e+00	2.32540376404e+02
2.32791406758e+00	2.33789955459e+02
2.33292031289e+00	2.35037095795e+02
2.33792655820e+00	2.36281806687e+02
2.34293280350e+00	2.37524097972e+02
2.34793904881e+00	2.38763980014e+02
2.35294529412e+00	2.40001463656e+02
2.35795153942e+00	2.41236560191e+02
2.36295778473e+00	2.42469281323e+02
2.36796403004e+00	2.43699639135e+02
2.37297027534e+00	2.44927646060e+02
2.37797652065e+00	2.46153314850e+02
2.38298276596e+00	2.47376658549e+02
2.38798901126e+00	2.48597690467e+02
2.39299525657e+00	2.49816424159e+02
2.39800150188e+00	2.51032873396e+02
2.40300774718e+00	2.52247052149e+02
2.40801399249e+00	2.53458974567e+02
2.41302023780e+00	2.54668654955e+02
2.41802648310e+00	2.55876107761e+02
2.42303272841e+00	2.57081347556e+02
2.42803897372e+00	2.58284389019e+02
2.43304521902e+00	2.59485246922e+02
2.43805146433e+00	2.60683936115e+02
2.44305770964e+00	2.61880471515e+02
2.44806395494e+00	2.63074868093e+02
2.45307020025e+00	2.64267140859e+02
2.45807644556e+00	2.65457304856e+02
2.46308269086e+00	2.66645375149e+02
2.46808893617e+00	2.67831366810e+02
2.47309518148e+00	2.69015294917e+02
2.47810142678e+00	2.70197174541e+02
2.48310767209e+00	2.71377020736e+02
2.48811391740e+00	2.72554848539e+02
2.49312016270e+00	2.73730672955e+02
2.49812640801e+00	2.74904508955e+02
2.50313265332e+00	2.76076371471e+02
2.50813889862e+00	2.77246275387e+02
2.51314514393e+00	2.78414235535e+02
2.51815138924e+00	2.79580266692e+02
2.52315763454e+00	2.80744383574e+02
2.52816387985e+00	2.81906600830e+02
2.53317012516e+00	2.83066933042e+02
2.53817637046e+00	2.84225394718e+02
2.54318261577e+00	2.85382000293e+02
2.54818886108e+00	2.86536764118e+02
2.55319510638e+00	2.87689700466e+02
2.55820135169e+00	2.88840823526e+02
2.56320759700e+00	2.89990147397e+02
2.56821384230e+00	2.91137686091e+02
2.57322008761e+00	2.92283453529e+02
2.57822633292e+00	2.93427463540e+02
2.58323257822e+00	2.94569729856e+02
2.58823882353e+00	2.95710266116e+02
2.59324506884e+00	2.96849085860e+02
2.59825131414e+00	2.97986202529e+02
2.60325755945e+00	2.99121629467e+02
2.60826380476e+00	3.00255379915e+02
2.61327005006e+00	3.01387467015e+02
2.61827629537e+00	3.02517903804e+02
2.62328254068e+00	3.03646703219e+02
2.62828878598e+00	3.04773878094e+02
2.63329503129e+00	3.05899441157e+02
2.63830127660e+00	3.07023405036e+02
2.64330752190e+00	3.08145782251e+02
2.64831376721e+00	3.09266585221e+02
2.65332001252e+00	3.10385826259e+02
2.65832625782e+00	3.11503517574e+02
2.66333250313e+00	3.12619671270e+02
2.66833874844e+00	3.13734299350e+02
2.67334499374e+00	3.14847413708e+02
2.67835123905e+00	3.15959026139e+02
2.68335748436e+00	3.17069148332e+02
2.68836372966e+00	3.18177791871e+02
2.69336997497e+00	3.19284968242e+02
2.69837622028e+00	3.20390688824e+02
2.70338246558e+00	3.21494964896e+02
2.70838871089e+00	3.22597807635e+02
2.71339495620e+00	3.23699228116e+02
2.71840120150e+00	3.24799237315e+02
2.72340744681e+00	3.25897846107e+02
2.72841369212e+00	3.26995065267e+02
2.73341993742e+00	3.28090905472e+02
2.73842618273e+00	3.29185377300e+02
2.74343242804e+00	3.30278491231e+02
2.74843867334e+00	3.31370257649e+02
2.75344491865e+00	3.32460686840e+02
2.75845116395e+00	3.33549788997e+02
2.76345740926e+00	3.34637574216e+02
2.76846365457e+00	3.35724052498e+02
2.77346989987e+00	3.36809233752e+02
2.77847614518e+00	3.37893127794e+02
2.78348239049e+00	3.38975744348e+02
2.78848863579e+00	3.40057093045e+02
2.79349488110e+00	3.41137183427e+02
2.79850112641e+00	3.42216024945e+02
2.80350737171e+00	3.43293626963e+02
2.80851361702e+00	3.44369998755e+02
2.81351986233e+00	3.45445149508e+02
2.81852610763e+00	3.46519088321e+02
2.82353235294e+00	3.47591824209e+02
2.82853859825e+00	3.48663366101e+02
2.83354484355e+00	3.49733722841e+02
2.83855108886e+00	3.50802903189e+02
2.84355733417e+00	3.51870915825e+02
2.84856357947e+00	3.52937769344e+02
2.85356982478e+00	3.54003472261e+02
2.85857607009e+00	3.55068033010e+02
2.86358231539e+00	3.56131459944e+02
2.86858856070e+00	3.57193761341e+02
2.87359480601e+00	3.58254945397e+02
2.87860105131e+00	3.59315020232e+02
2.88360729662e+00	3.60373993890e+02
2.88861354193e+00	3.61431874338e+02
2.89361978723e+00	3.62488669467e+02
2.89862603254e+00	3.63544387098e+02
2.90363227785e+00	3.64599034973e+02
2.90863852315e+00	3.65652620764e+02
2.91364476846e+00	3.66705152071e+02
2.91865101377e+00	3.67756636422e+02
2.92365725907e+00	3.68807081275e+02
2.92866350438e+00	3.69856494017e+02
2.93366974969e+00	3.70904881966e+02
2.93867599499e+00	3.71952252372e+02
2.94368224030e+00	3.72998612419e+02
2.94868848561e+00	3.74043969220e+02
2.95369473091e+00	3.75088329825e+02
2.95870097622e+00	3.76131701217e+02
2.96370722153e+00	3.77174090314e+02
2.96871346683e+00	3.78215503971e+02
2.97371971214e+00	3.79255948978e+02
2.97872595745e+00	3.80295432063e+02
2.98373220275e+00	3.81333959890e+02
2.98873844806e+00	3.82371539064e+02
2.99374469337e+00	3.83408176128e+02
2.99875093867e+00	3.84443877564e+02
3.00375718398e+00	3.85478649795e+02
3.00876342929e+00	3.86512499185e+02
3.01376967459e+00	3.87545432041e+02
3.01877591990e+00	3.88577454608e+02
3.02378216521e+00	3.89608573079e+02
3.02878841051e+00	3.90638793588e+02
3.03379465582e+00	3.91668122213e+02
3.03880090113e+00	3.92696564977e+02
3.04380714643e+00	3.93724127849e+02
3.04881339174e+00	3.94750816742e+02
3.05381963705e+00	3.95776637518e+02
3.05882588235e+00	3.96801595983e+02
3.06383212766e+00	3.97825697894e+02
3.06883837297e+00	3.98848948955e+02
3.07384461827e+00	3.99871354816e+02
3.07885086358e+00	4.00892921080e+02
3.08385710889e+00	4.01913653297e+02
3.08886335419e+00	4.02933556970e+02
3.09386959950e+00	4.03952637552e+02
3.09887584481e+00	4.04970900445e+02
3.10388209011e+00	4.05988351006e+02
3.10888833542e+00	4.07004994543e+02
3.11389458073e+00	4.08020836317e+02
3.11890082603e+00	4.09035881544e+02
3.12390707134e+00	4.10050135392e+02
3.12891331665e+00	4.11063602983e+02
3.13391956195e+00	4.12076289397e+02
3.13892580726e+00	4.13088199666e+02
3.14393205257e+00	4.14099338780e+02
3.14893829787e+00	4.15109711684e+02
3.15394454318e+00	4.16119323282e+02
3.15895078849e+00	4.17128178433e+02
3.16395703379e+00	4.18136281955e+02
3.16896327910e+00	4.19143638623e+02
3.17396952441e+00	4.20150253172e+02
3.17897576971e+00	4.21156130295e+02
3.18398201502e+00	4.22161274645e+02
3.18898826033e+00	4.23165690836e+02
3.19399450563e+00	4.24169383441e+02
3.19900075094e+00	4.25172356993e+02
3.20400699625e+00	4.26174615988e+02
3.20901324155e+00	4.27176164882e+02
3.21401948686e+00	4.28177008096e+02
3.21902573217e+00	4.29177150009e+02
3.22403197747e+00	4.30176594966e+02
3.22903822278e+00	4.31175347274e+02
3.23404446809e+00	4.32173411204e+02
3.23905071339e+00	4.33170790991e+02
3.24405695870e+00	4.34167490834e+02
3.24906320401e+00	4.35163514896e+02
3.25406944931e+00	4.36158867306e+02
3.25907569462e+00	4.37153552160e+02
3.26408193992e+00	4.38147573516e+02
3.26908818523e+00	4.39140935401e+02
3.27409443054e+00	4.40133641808e+02
3.27910067584e+00	4.41125696697e+02
3.28410692115e+00	4.42117103993e+02
3.28911316646e+00	4.43107867592e+02
3.29411941176e+00	4.44097991355e+02
3.29912565707e+00	4.45087479113e+02
3.30413190238e+00	4.46076334665e+02
3.30913814768e+00	4.47064561778e+02
3.31414439299e+00	4.48052164190e+02
3.31915063830e+00	4.49039145606e+02
3.32415688360e+00	4.50025509702e+02
3.32916312891e+00	4.51011260126e+02
3.33416937422e+00	4.51996400492e+02
3.33917561952e+00	4.52980934390e+02
3.34418186483e+00	4.53964865376e+02
3.34918811014e+00	4.54948196981e+02
3.35419435544e+00	4.55930932706e+02
3.35920060075e+00	4.56913076024e+02
3.36420684606e+00	4.57894630379e+02
3.36921309136e+00	4.58875599190e+02
3.37421933667e+00	4.59855985846e+02
3.37922558198e+00	4.60835793712e+02
3.38423182728e+00	4.61815026123e+02
3.38923807259e+00	4.62793686390e+02
3.39424431790e+00	4.63771777796e+02
3.39925056320e+00	4.64749303600e+02
3.40425680851e+00	4.65726267033e+02
3.40926305382e+00	4.66702671302e+02
3.41426929912e+00	4.67678519590e+02
3.41927554443e+00	4.68653815051e+02
3.42428178974e+00	4.69628560819e+02
3.42928803504e+00	4.70602760001e+02
3.43429428035e+00	4.71576415680e+02
3.43930052566e+00	4.72549530915e+02
3.44430677096e+00	4.73522108741e+02
3.44931301627e+00	4.74494152172e+02
3.45431926158e+00	4.75465664195e+02
3.45932550688e+00	4.76436647776e+02
3.46433175219e+00	4.77407105859e+02
3.46933799750e+00	4.78377041363e+02
3.47434424280e+00	4.79346457186e+02
3.47935048811e+00	4.80315356204e+02
3.48435673342e+00	4.81283741272e+02
3.48936297872e+00	4.82251615220e+02
3.49436922403e+00	4.83218980859e+02
3.49937546934e+00	4.84185840979e+02
3.50438171464e+00	4.85152198347e+02
3.50938795995e+00	4.86118055711e+02
3.51439420526e+00	4.87083415797e+02
3.51940045056e+00	4.88048281311e+02
3.52440669587e+00	4.89012654939e+02
3.52941294118e+00	4.89976539346e+02
3.53441918648e+00	4.90939937178e+02
3.53942543179e+00	4.91902851060e+02
3.54443167710e+00	4.92865283599e+02
3.54943792240e+00	4.93827237381e+02
3.55444416771e+00	4.94788714974e+02
3.55945041302e+00	4.95749718926e+02
3.56445665832e+00	4.96710251769e+02
3.56946290363e+00	4.97670316012e+02
3.57446914894e+00	4.98629914148e+02
3.57947539424e+00	4.99589048652e+02
3.58448163955e+00	5.00547721979e+02
3.58948788486e+00	5.01505936569e+02
3.59449413016e+00	5.02463694841e+02
3.59950037547e+00	5.03420999198e+02
3.60450662078e+00	5.04377852026e+02
3.60951286608e+00	5.05334255693e+02
3.61451911139e+00	5.06290212548e+02
3.61952535670e+00	5.07245724927e+02
3.62453160200e+00	5.08200795147e+02
3.62953784731e+00	5.09155425507e+02
3.63454409262e+00	5.10109618291e+02
3.63955033792e+00	5.11063375767e+02
3.64455658323e+00	5.12016700186e+02
3.64956282854e+00	5.12969593784e+02
3.65456907384e+00	5.13922058778e+02
3.65957531915e+00	5.14874097373e+02
3.66458156446e+00	5.15825711756e+02
3.66958780976e+00	5.16776904100e+02
3.67459405507e+00	5.17727676561e+02
3.67960030038e+00	5.18678031281e+02
3.68460654568e+00	5.19627970387e+02
3.68961279099e+00	5.20577495990e+02
3.69461903630e+00	5.21526610186e+02
3.69962528160e+00	5.22475315059e+02
3.70463152691e+00	5.23423612675e+02
3.70963777222e+00	5.24371505087e+02
3.71464401752e+00	5.25318994334e+02
3.71965026283e+00	5.26266082441e+02
3.72465650814e+00	5.27212771419e+02
3.72966275344e+00	5.28159063263e+02
3.73466899875e+00	5.29104959957e+02
3.73967524406e+00	5.30050463470e+02
3.74468148936e+00	5.30995575758e+02
3.74968773467e+00	5.31940298762e+02
3.75469397997e+00	5.32884634411e+02
3.75970022528e+00	5.33828584622e+02
3.76470647059e+00	5.34772151296e+02
3.76971271589e+00	5.35715336323e+02
3.77471896120e+00	5.36658141580e+02
3.77972520651e+00	5.37600568931e+02
3.78473145181e+00	5.38542620227e+02
3.78973769712e+00	5.39484297306e+02
3.79474394243e+00	5.40425601996e+02
3.79975018773e+00	5.41366536109e+02
3.80475643304e+00	5.42307101449e+02
3.80976267835e+00	5.43247299805e+02
3.81476892365e+00	5.44187132953e+02
3.81977516896e+00	5.45126602661e+02
3.82478141427e+00	5.46065710683e+02
3.82978765957e+00	5.47004458759e+02
3.83479390488e+00	5.47942848622e+02
3.83980015019e+00	5.48880881991e+02
3.84480639549e+00	5.49818560573e+02
3.84981264080e+00	5.50755886064e+02
3.85481888611e+00	5.51692860151e+02
3.85982513141e+00	5.52629484508e+02
3.86483137672e+00	5.53565760797e+02
3.86983762203e+00	5.54501690670e+02
3.87484386733e+00	5.55437275770e+02
3.87985011264e+00	5.56372517727e+02
3.88485635795e+00	5.57307418161e+02
3.88986260325e+00	5.58241978682e+02
3.89486884856e+00	5.59176200887e+02
3.89987509387e+00	5.60110086367e+02
3.90488133917e+00	5.61043636699e+02
3.90988758448e+00	5.61976853452e+02
3.91489382979e+00	5.62909738183e+02
3.91990007509e+00	5.63842292441e+02
3.92490632040e+00	5.64774517762e+02
3.92991256571e+00	5.65706415676e+02
3.93491881101e+00	5.66637987700e+02
3.93992505632e+00	5.67569235343e+02
3.94493130163e+00	5.68500160105e+02
3.94993754693e+00	5.69430763473e+02
3.95494379224e+00	5.70361046928e+02
3.95995003755e+00	5.71291011941e+02
3.96495628285e+00	5.72220659973e+02
3.96996252816e+00	5.73149992475e+02
3.97496877347e+00	5.74079010889e+02
3.97997501877e+00	5.75007716651e+02
3.98498126408e+00	5.75936111183e+02
3.98998750939e+00	5.76864195903e+02
3.99499375469e+00	5.77791972215e+02
4.00000000000e+00	5.78719441520e+02
