# omega/omega_{WG}     k_parallel [1/micrones], $\epsilon_2$ = 12, d = 20nm, find_zeros_Silica_Eduardo_Eqs_tot.py
5.01624530663e-03	2.37576418374e-01
2.00349812265e-02	9.48918498395e-01
3.50537171464e-02	1.66038192700e+00
6.00849436796e-02	2.84667419801e+00
1.05141151439e-01	4.98489943809e+00
1.45191113892e-01	6.89056245853e+00
1.50197359199e-01	7.12921364737e+00
1.55203604506e-01	7.36797826223e+00
1.60209849812e-01	7.60686102608e+00
1.65216095119e-01	7.84586676316e+00
1.70222340426e-01	8.08500040370e+00
1.75228585732e-01	8.32426698881e+00
1.80234831039e-01	8.56367167554e+00
1.85241076345e-01	8.80321974215e+00
1.90247321652e-01	9.04291659353e+00
1.95253566959e-01	9.28276776681e+00
2.00259812265e-01	9.52277893721e+00
2.05266057572e-01	9.76295592410e+00
2.10272302879e-01	1.00033046973e+01
2.15278548185e-01	1.02438313835e+01
2.20284793492e-01	1.04845422731e+01
2.25291038798e-01	1.07254438275e+01
2.30297284105e-01	1.09665426860e+01
2.35303529412e-01	1.12078456735e+01
2.40309774718e-01	1.14493598089e+01
2.45316020025e-01	1.16910923125e+01
2.50322265332e-01	1.19330506156e+01
2.55328510638e-01	1.21752423686e+01
2.60334755945e-01	1.24176754508e+01
2.65341001252e-01	1.26603579800e+01
2.70347246558e-01	1.29032983227e+01
2.75353491865e-01	1.31465051046e+01
2.80359737171e-01	1.33899872217e+01
2.85365982478e-01	1.36337538519e+01
2.90372227785e-01	1.38778144669e+01
2.95378473091e-01	1.41221788449e+01
3.00384718398e-01	1.43668570839e+01
3.05390963705e-01	1.46118596152e+01
3.10397209011e-01	1.48571972178e+01
3.15403454318e-01	1.51028810336e+01
3.20409699625e-01	1.53489225830e+01
3.25415944931e-01	1.55953337816e+01
3.30422190238e-01	1.58421269571e+01
3.35428435544e-01	1.60893148676e+01
3.40434680851e-01	1.63369107205e+01
3.45440926158e-01	1.65849281923e+01
3.50447171464e-01	1.68333814491e+01
3.55453416771e-01	1.70822851688e+01
3.60459662078e-01	1.73316545639e+01
3.65465907384e-01	1.75815054050e+01
3.70472152691e-01	1.78318540463e+01
3.75478397997e-01	1.80827174519e+01
3.80484643304e-01	1.83341132234e+01
3.85490888611e-01	1.85860596290e+01
3.90497133917e-01	1.88385756341e+01
3.95503379224e-01	1.90916809328e+01
4.00509624531e-01	1.93453959825e+01
4.05515869837e-01	1.95997420384e+01
4.10522115144e-01	1.98547411910e+01
4.15528360451e-01	2.01104164055e+01
4.20534605757e-01	2.03667915622e+01
4.25540851064e-01	2.06238915003e+01
4.30547096370e-01	2.08817420631e+01
4.35553341677e-01	2.11403701460e+01
4.40559586984e-01	2.13998037465e+01
4.45565832290e-01	2.16600720175e+01
4.50572077597e-01	2.19212053228e+01
4.55578322904e-01	2.21832352962e+01
4.60584568210e-01	2.24461949028e+01
4.65590813517e-01	2.27101185044e+01
4.70597058824e-01	2.29750419280e+01
4.75603304130e-01	2.32410025380e+01
4.80609549437e-01	2.35080393123e+01
4.85615794743e-01	2.37761929224e+01
4.90622040050e-01	2.40455058179e+01
4.95628285357e-01	2.43160223155e+01
5.00634530663e-01	2.45877886926e+01
5.05640775970e-01	2.48608532863e+01
5.10647021277e-01	2.51352665975e+01
5.15653266583e-01	2.54110814003e+01
5.20659511890e-01	2.56883528579e+01
5.25665757196e-01	2.59671386443e+01
5.30672002503e-01	2.62474990723e+01
5.35678247810e-01	2.65294972290e+01
5.40684493116e-01	2.68131991176e+01
5.45690738423e-01	2.70986738075e+01
5.50696983730e-01	2.73859935917e+01
5.55703229036e-01	2.76752341530e+01
5.60709474343e-01	2.79664747378e+01
5.65715719650e-01	2.82597983401e+01
5.70721964956e-01	2.85552918938e+01
5.75728210263e-01	2.88530464752e+01
5.80734455569e-01	2.91531575154e+01
5.85740700876e-01	2.94557250228e+01
5.90746946183e-01	2.97608538168e+01
5.95753191489e-01	3.00686537718e+01
6.00759436796e-01	3.03792400729e+01
6.05765682103e-01	3.06927334825e+01
6.10771927409e-01	3.10092606186e+01
6.15778172716e-01	3.13289542450e+01
6.20784418023e-01	3.16519535722e+01
6.25790663329e-01	3.19784045702e+01
6.30796908636e-01	3.23084602921e+01
6.35803153942e-01	3.26422812086e+01
6.40809399249e-01	3.29800355519e+01
6.45815644556e-01	3.33218996691e+01
6.50821889862e-01	3.36680583833e+01
6.55828135169e-01	3.40187053613e+01
6.60834380476e-01	3.43740434861e+01
6.65840625782e-01	3.47342852322e+01
6.70846871089e-01	3.50996530398e+01
6.75853116395e-01	3.54703796874e+01
6.80859361702e-01	3.58467086565e+01
6.85865607009e-01	3.62288944851e+01
6.90871852315e-01	3.66172031051e+01
6.95878097622e-01	3.70119121579e+01
7.00884342929e-01	3.74133112799e+01
7.05890588235e-01	3.78217023529e+01
7.10896833542e-01	3.82373997076e+01
7.15903078849e-01	3.86607302727e+01
7.20909324155e-01	3.90920336581e+01
7.25915569462e-01	3.95316621587e+01
7.30921814768e-01	3.99799806670e+01
7.35928060075e-01	4.04373664799e+01
7.40934305382e-01	4.09042089825e+01
7.45940550688e-01	4.13809091937e+01
7.50946795995e-01	4.18678791557e+01
7.55953041302e-01	4.23655411480e+01
7.60959286608e-01	4.28743267096e+01
7.65965531915e-01	4.33946754486e+01
7.70971777222e-01	4.39270336237e+01
7.75978022528e-01	4.44718524786e+01
7.80984267835e-01	4.50295863180e+01
7.85990513141e-01	4.56006903106e+01
7.90996758448e-01	4.61856180141e+01
7.96003003755e-01	4.67848186172e+01
8.01009249061e-01	4.73987339047e+01
8.06015494368e-01	4.80277949533e+01
8.11021739675e-01	4.86724185798e+01
8.16027984981e-01	4.93330035678e+01
8.21034230288e-01	5.00099267120e+01
8.26040475594e-01	5.07035387279e+01
8.31046720901e-01	5.14141600862e+01
8.36052966208e-01	5.21420768408e+01
8.41059211514e-01	5.28875365273e+01
8.46065456821e-01	5.36507442188e+01
8.51071702128e-01	5.44318588283e+01
8.56077947434e-01	5.52309897510e+01
8.61084192741e-01	5.60481939387e+01
8.66090438048e-01	5.68834734933e+01
8.71096683354e-01	5.77367738591e+01
8.76102928661e-01	5.86079826804e+01
8.81109173967e-01	5.94969293757e+01
8.86115419274e-01	6.04033854612e+01
8.91121664581e-01	6.13270656362e+01
8.96127909887e-01	6.22676296189e+01
9.01134155194e-01	6.32246847026e+01
9.06140400501e-01	6.41977889781e+01
9.11146645807e-01	6.51864551514e+01
9.16152891114e-01	6.61901548685e+01
9.21159136421e-01	6.72083234490e+01
9.26165381727e-01	6.82403649202e+01
9.31171627034e-01	6.92856572414e+01
9.36177872340e-01	7.03435576104e+01
9.41184117647e-01	7.14134077444e+01
9.46190362954e-01	7.24945390422e+01
9.51196608260e-01	7.35862775400e+01
9.56202853567e-01	7.46879485902e+01
9.61209098874e-01	7.57988812031e+01
9.66215344180e-01	7.69184120084e+01
9.71221589487e-01	7.80458888066e+01
9.76227834793e-01	7.91806736932e+01
9.81234080100e-01	8.03221457513e+01
9.86240325407e-01	8.14697033171e+01
9.91246570713e-01	8.26227658346e+01
9.96252816020e-01	8.37807753189e+01
1.00125906133e+00	8.49431974554e+01
1.00626530663e+00	8.61095223653e+01
1.01127155194e+00	8.72792650687e+01
1.01627779725e+00	8.84519656803e+01
1.02128404255e+00	8.96271893689e+01
1.02629028786e+00	9.08045261147e+01
1.03129653317e+00	9.19835902956e+01
1.03630277847e+00	9.31640201287e+01
1.04130902378e+00	9.43454769980e+01
1.04631526909e+00	9.55276446879e+01
1.05132151439e+00	9.67102285479e+01
1.05632775970e+00	9.78929546057e+01
1.06133400501e+00	9.90755686456e+01
1.06634025031e+00	1.00257835268e+02
1.07134649562e+00	1.01439536938e+02
1.07635274093e+00	1.02620473045e+02
1.08135898623e+00	1.03800458961e+02
1.08636523154e+00	1.04979325128e+02
1.09137147685e+00	1.06156916166e+02
1.09637772215e+00	1.07333090005e+02
1.10138396746e+00	1.08507717055e+02
1.10639021277e+00	1.09680679405e+02
1.11139645807e+00	1.10851870057e+02
1.11640270338e+00	1.12021192203e+02
1.12140894869e+00	1.13188558528e+02
1.12641519399e+00	1.14353890557e+02
1.13142143930e+00	1.15517118038e+02
1.13642768461e+00	1.16678178355e+02
1.14143392991e+00	1.17837015979e+02
1.14644017522e+00	1.18993581955e+02
1.15144642053e+00	1.20147833414e+02
1.15645266583e+00	1.21299733119e+02
1.16145891114e+00	1.22449249043e+02
1.16646515645e+00	1.23596353971e+02
1.17147140175e+00	1.24741025129e+02
1.17647764706e+00	1.25883243839e+02
1.18148389237e+00	1.27022995198e+02
1.18649013767e+00	1.28160267773e+02
1.19149638298e+00	1.29295053330e+02
1.19650262829e+00	1.30427346567e+02
1.20150887359e+00	1.31557144878e+02
1.20651511890e+00	1.32684448124e+02
1.21152136421e+00	1.33809258431e+02
1.21652760951e+00	1.34931579990e+02
1.22153385482e+00	1.36051418884e+02
1.22654010013e+00	1.37168782919e+02
1.23154634543e+00	1.38283681469e+02
1.23655259074e+00	1.39396125336e+02
1.24155883605e+00	1.40506126618e+02
1.24656508135e+00	1.41613698583e+02
1.25157132666e+00	1.42718855561e+02
1.25657757196e+00	1.43821612835e+02
1.26158381727e+00	1.44921986548e+02
1.26659006258e+00	1.46019993610e+02
1.27159630788e+00	1.47115651618e+02
1.27660255319e+00	1.48208978779e+02
1.28160879850e+00	1.49299993838e+02
1.28661504380e+00	1.50388716016e+02
1.29162128911e+00	1.51475164945e+02
1.29662753442e+00	1.52559360620e+02
1.30163377972e+00	1.53641323340e+02
1.30664002503e+00	1.54721073666e+02
1.31164627034e+00	1.55798632378e+02
1.31665251564e+00	1.56874020431e+02
1.32165876095e+00	1.57947258923e+02
1.32666500626e+00	1.59018369059e+02
1.33167125156e+00	1.60087372119e+02
1.33667749687e+00	1.61154289433e+02
1.34168374218e+00	1.62219142352e+02
1.34668998748e+00	1.63281952227e+02
1.35169623279e+00	1.64342740383e+02
1.35670247810e+00	1.65401528104e+02
1.36170872340e+00	1.66458336611e+02
1.36671496871e+00	1.67513187049e+02
1.37172121402e+00	1.68566100467e+02
1.37672745932e+00	1.69617097809e+02
1.38173370463e+00	1.70666199901e+02
1.38673994994e+00	1.71713427436e+02
1.39174619524e+00	1.72758800969e+02
1.39675244055e+00	1.73802340904e+02
1.40175868586e+00	1.74844067488e+02
1.40676493116e+00	1.75884000802e+02
1.41177117647e+00	1.76922160758e+02
1.41677742178e+00	1.77958567086e+02
1.42178366708e+00	1.78993239340e+02
1.42678991239e+00	1.80026196881e+02
1.43179615770e+00	1.81057458883e+02
1.43680240300e+00	1.82087044326e+02
1.44180864831e+00	1.83114971991e+02
1.44681489362e+00	1.84141260462e+02
1.45182113892e+00	1.85165928120e+02
1.45682738423e+00	1.86188993145e+02
1.46183362954e+00	1.87210473512e+02
1.46683987484e+00	1.88230386990e+02
1.47184612015e+00	1.89248751146e+02
1.47685236546e+00	1.90265583337e+02
1.48185861076e+00	1.91280900718e+02
1.48686485607e+00	1.92294720235e+02
1.49187110138e+00	1.93307058633e+02
1.49687734668e+00	1.94317932447e+02
1.50188359199e+00	1.95327358013e+02
1.50688983730e+00	1.96335351461e+02
1.51189608260e+00	1.97341928720e+02
1.51690232791e+00	1.98347105519e+02
1.52190857322e+00	1.99350897386e+02
1.52691481852e+00	2.00353319652e+02
1.53192106383e+00	2.01354387452e+02
1.53692730914e+00	2.02354115725e+02
1.54193355444e+00	2.03352519219e+02
1.54693979975e+00	2.04349612488e+02
1.55194604506e+00	2.05345409897e+02
1.55695229036e+00	2.06339925625e+02
1.56195853567e+00	2.07333173665e+02
1.56696478098e+00	2.08325167824e+02
1.57197102628e+00	2.09315921729e+02
1.57697727159e+00	2.10305448827e+02
1.58198351690e+00	2.11293762388e+02
1.58698976220e+00	2.12280875506e+02
1.59199600751e+00	2.13266801100e+02
1.59700225282e+00	2.14251551920e+02
1.60200849812e+00	2.15235140546e+02
1.60701474343e+00	2.16217579390e+02
1.61202098874e+00	2.17198880700e+02
1.61702723404e+00	2.18179056561e+02
1.62203347935e+00	2.19158118897e+02
1.62703972466e+00	2.20136079475e+02
1.63204596996e+00	2.21112949902e+02
1.63705221527e+00	2.22088741636e+02
1.64205846058e+00	2.23063465977e+02
1.64706470588e+00	2.24037134079e+02
1.65207095119e+00	2.25009756947e+02
1.65707719650e+00	2.25981345440e+02
1.66208344180e+00	2.26951910272e+02
1.66708968711e+00	2.27921462016e+02
1.67209593242e+00	2.28890011106e+02
1.67710217772e+00	2.29857567836e+02
1.68210842303e+00	2.30824142367e+02
1.68711466834e+00	2.31789744724e+02
1.69212091364e+00	2.32754384801e+02
1.69712715895e+00	2.33718072360e+02
1.70213340426e+00	2.34680817039e+02
1.70713964956e+00	2.35642628345e+02
1.71214589487e+00	2.36603515663e+02
1.71715214018e+00	2.37563488256e+02
1.72215838548e+00	2.38522555266e+02
1.72716463079e+00	2.39480725714e+02
1.73217087610e+00	2.40438008506e+02
1.73717712140e+00	2.41394412431e+02
1.74218336671e+00	2.42349946166e+02
1.74718961202e+00	2.43304618274e+02
1.75219585732e+00	2.44258437209e+02
1.75720210263e+00	2.45211411315e+02
1.76220834793e+00	2.46163548830e+02
1.76721459324e+00	2.47114857886e+02
1.77222083855e+00	2.48065346511e+02
1.77722708385e+00	2.49015022631e+02
1.78223332916e+00	2.49963894069e+02
1.78723957447e+00	2.50911968553e+02
1.79224581977e+00	2.51859253708e+02
1.79725206508e+00	2.52805757067e+02
1.80225831039e+00	2.53751486064e+02
1.80726455569e+00	2.54696448043e+02
1.81227080100e+00	2.55640650254e+02
1.81727704631e+00	2.56584099856e+02
1.82228329161e+00	2.57526803919e+02
1.82728953692e+00	2.58468769426e+02
1.83229578223e+00	2.59410003270e+02
1.83730202753e+00	2.60350512263e+02
1.84230827284e+00	2.61290303128e+02
1.84731451815e+00	2.62229382509e+02
1.85232076345e+00	2.63167756966e+02
1.85732700876e+00	2.64105432979e+02
1.86233325407e+00	2.65042416948e+02
1.86733949937e+00	2.65978715196e+02
1.87234574468e+00	2.66914333969e+02
1.87735198999e+00	2.67849279436e+02
1.88235823529e+00	2.68783557692e+02
1.88736448060e+00	2.69717174757e+02
1.89237072591e+00	2.70650136581e+02
1.89737697121e+00	2.71582449040e+02
1.90238321652e+00	2.72514117940e+02
1.90738946183e+00	2.73445149019e+02
1.91239570713e+00	2.74375547944e+02
1.91740195244e+00	2.75305320318e+02
1.92240819775e+00	2.76234471674e+02
1.92741444305e+00	2.77163007482e+02
1.93242068836e+00	2.78090933146e+02
1.93742693367e+00	2.79018254007e+02
1.94243317897e+00	2.79944975343e+02
1.94743942428e+00	2.80871102370e+02
1.95244566959e+00	2.81796640244e+02
1.95745191489e+00	2.82721594060e+02
1.96245816020e+00	2.83645968855e+02
1.96746440551e+00	2.84569769605e+02
1.97247065081e+00	2.85493001233e+02
1.97747689612e+00	2.86415668600e+02
1.98248314143e+00	2.87337776515e+02
1.98748938673e+00	2.88259329730e+02
1.99249563204e+00	2.89180332944e+02
1.99750187735e+00	2.90100790802e+02
2.00250812265e+00	2.91020707895e+02
2.00751436796e+00	2.91940088763e+02
2.01252061327e+00	2.92858937896e+02
2.01752685857e+00	2.93777259730e+02
2.02253310388e+00	2.94695058655e+02
2.02753934919e+00	2.95612339008e+02
2.03254559449e+00	2.96529105081e+02
2.03755183980e+00	2.97445361115e+02
2.04255808511e+00	2.98361111306e+02
2.04756433041e+00	2.99276359804e+02
2.05257057572e+00	3.00191110710e+02
2.05757682103e+00	3.01105368082e+02
2.06258306633e+00	3.02019135934e+02
2.06758931164e+00	3.02932418234e+02
2.07259555695e+00	3.03845218908e+02
2.07760180225e+00	3.04757541838e+02
2.08260804756e+00	3.05669390866e+02
2.08761429287e+00	3.06580769788e+02
2.09262053817e+00	3.07491682364e+02
2.09762678348e+00	3.08402132311e+02
2.10263302879e+00	3.09312123304e+02
2.10763927409e+00	3.10221658982e+02
2.11264551940e+00	3.11130742944e+02
2.11765176471e+00	3.12039378749e+02
2.12265801001e+00	3.12947569920e+02
2.12766425532e+00	3.13855319941e+02
2.13267050063e+00	3.14762632261e+02
2.13767674593e+00	3.15669510291e+02
2.14268299124e+00	3.16575957406e+02
2.14768923655e+00	3.17481976946e+02
2.15269548185e+00	3.18387572217e+02
2.15770172716e+00	3.19292746488e+02
2.16270797247e+00	3.20197502997e+02
2.16771421777e+00	3.21101844945e+02
2.17272046308e+00	3.22005775503e+02
2.17772670839e+00	3.22909297807e+02
2.18273295369e+00	3.23812414961e+02
2.18773919900e+00	3.24715130038e+02
2.19274544431e+00	3.25617446078e+02
2.19775168961e+00	3.26519366092e+02
2.20275793492e+00	3.27420893058e+02
2.20776418023e+00	3.28322029925e+02
2.21277042553e+00	3.29222779612e+02
2.21777667084e+00	3.30123145008e+02
2.22278291615e+00	3.31023128972e+02
2.22778916145e+00	3.31922734337e+02
2.23279540676e+00	3.32821963904e+02
2.23780165207e+00	3.33720820449e+02
2.24280789737e+00	3.34619306718e+02
2.24781414268e+00	3.35517425430e+02
2.25282038798e+00	3.36415179279e+02
2.25782663329e+00	3.37312570929e+02
2.26283287860e+00	3.38209603021e+02
2.26783912390e+00	3.39106278167e+02
2.27284536921e+00	3.40002598955e+02
2.27785161452e+00	3.40898567947e+02
2.28285785982e+00	3.41794187680e+02
2.28786410513e+00	3.42689460666e+02
2.29287035044e+00	3.43584389394e+02
2.29787659574e+00	3.44478976327e+02
2.30288284105e+00	3.45373223903e+02
2.30788908636e+00	3.46267134541e+02
2.31289533166e+00	3.47160710632e+02
2.31790157697e+00	3.48053954546e+02
2.32290782228e+00	3.48946868630e+02
2.32791406758e+00	3.49839455209e+02
2.33292031289e+00	3.50731716586e+02
2.33792655820e+00	3.51623655039e+02
2.34293280350e+00	3.52515272830e+02
2.34793904881e+00	3.53406572193e+02
2.35294529412e+00	3.54297555347e+02
2.35795153942e+00	3.55188224486e+02
2.36295778473e+00	3.56078581784e+02
2.36796403004e+00	3.56968629397e+02
2.37297027534e+00	3.57858369457e+02
2.37797652065e+00	3.58747804080e+02
2.38298276596e+00	3.59636935359e+02
2.38798901126e+00	3.60525765370e+02
2.39299525657e+00	3.61414296169e+02
2.39800150188e+00	3.62302529791e+02
2.40300774718e+00	3.63190468255e+02
2.40801399249e+00	3.64078113560e+02
2.41302023780e+00	3.64965467688e+02
2.41802648310e+00	3.65852532600e+02
2.42303272841e+00	3.66739310243e+02
2.42803897372e+00	3.67625802543e+02
2.43304521902e+00	3.68512011409e+02
2.43805146433e+00	3.69397938735e+02
2.44305770964e+00	3.70283586396e+02
2.44806395494e+00	3.71168956248e+02
2.45307020025e+00	3.72054050136e+02
2.45807644556e+00	3.72938869882e+02
2.46308269086e+00	3.73823417296e+02
2.46808893617e+00	3.74707694171e+02
2.47309518148e+00	3.75591702282e+02
2.47810142678e+00	3.76475443391e+02
2.48310767209e+00	3.77358919242e+02
2.48811391740e+00	3.78242131565e+02
2.49312016270e+00	3.79125082075e+02
2.49812640801e+00	3.80007772470e+02
2.50313265332e+00	3.80890204434e+02
2.50813889862e+00	3.81772379638e+02
2.51314514393e+00	3.82654299736e+02
2.51815138924e+00	3.83535966369e+02
2.52315763454e+00	3.84417381162e+02
2.52816387985e+00	3.85298545727e+02
2.53317012516e+00	3.86179461662e+02
2.53817637046e+00	3.87060130552e+02
2.54318261577e+00	3.87940553967e+02
2.54818886108e+00	3.88820733464e+02
2.55319510638e+00	3.89700670586e+02
2.55820135169e+00	3.90580366863e+02
2.56320759700e+00	3.91459823813e+02
2.56821384230e+00	3.92339042941e+02
2.57322008761e+00	3.93218025737e+02
2.57822633292e+00	3.94096773680e+02
2.58323257822e+00	3.94975288236e+02
2.58823882353e+00	3.95853570860e+02
2.59324506884e+00	3.96731622993e+02
2.59825131414e+00	3.97609446064e+02
2.60325755945e+00	3.98487041490e+02
2.60826380476e+00	3.99364410678e+02
2.61327005006e+00	4.00241555020e+02
2.61827629537e+00	4.01118475899e+02
2.62328254068e+00	4.01995174686e+02
2.62828878598e+00	4.02871652740e+02
2.63329503129e+00	4.03747911408e+02
2.63830127660e+00	4.04623952028e+02
2.64330752190e+00	4.05499775925e+02
2.64831376721e+00	4.06375384414e+02
2.65332001252e+00	4.07250778799e+02
2.65832625782e+00	4.08125960373e+02
2.66333250313e+00	4.09000930419e+02
2.66833874844e+00	4.09875690210e+02
2.67334499374e+00	4.10750241007e+02
2.67835123905e+00	4.11624584062e+02
2.68335748436e+00	4.12498720617e+02
2.68836372966e+00	4.13372651902e+02
2.69336997497e+00	4.14246379139e+02
2.69837622028e+00	4.15119903541e+02
2.70338246558e+00	4.15993226308e+02
2.70838871089e+00	4.16866348633e+02
2.71339495620e+00	4.17739271699e+02
2.71840120150e+00	4.18611996679e+02
2.72340744681e+00	4.19484524737e+02
2.72841369212e+00	4.20356857027e+02
2.73341993742e+00	4.21228994696e+02
2.73842618273e+00	4.22100938878e+02
2.74343242804e+00	4.22972690703e+02
2.74843867334e+00	4.23844251288e+02
2.75344491865e+00	4.24715621742e+02
2.75845116395e+00	4.25586803168e+02
2.76345740926e+00	4.26457796656e+02
2.76846365457e+00	4.27328603292e+02
2.77346989987e+00	4.28199224150e+02
2.77847614518e+00	4.29069660297e+02
2.78348239049e+00	4.29939912793e+02
2.78848863579e+00	4.30809982686e+02
2.79349488110e+00	4.31679871020e+02
2.79850112641e+00	4.32549578830e+02
2.80350737171e+00	4.33419107140e+02
2.80851361702e+00	4.34288456970e+02
2.81351986233e+00	4.35157629329e+02
2.81852610763e+00	4.36026625222e+02
2.82353235294e+00	4.36895445643e+02
2.82853859825e+00	4.37764091579e+02
2.83354484355e+00	4.38632564010e+02
2.83855108886e+00	4.39500863910e+02
2.84355733417e+00	4.40368992243e+02
2.84856357947e+00	4.41236949967e+02
2.85356982478e+00	4.42104738033e+02
2.85857607009e+00	4.42972357384e+02
2.86358231539e+00	4.43839808956e+02
2.86858856070e+00	4.44707093680e+02
2.87359480601e+00	4.45574212476e+02
2.87860105131e+00	4.46441166261e+02
2.88360729662e+00	4.47307955944e+02
2.88861354193e+00	4.48174582425e+02
2.89361978723e+00	4.49041046601e+02
2.89862603254e+00	4.49907349360e+02
2.90363227785e+00	4.50773491583e+02
2.90863852315e+00	4.51639474147e+02
2.91364476846e+00	4.52505297919e+02
2.91865101377e+00	4.53370963763e+02
2.92365725907e+00	4.54236472535e+02
2.92866350438e+00	4.55101825084e+02
2.93366974969e+00	4.55967022255e+02
2.93867599499e+00	4.56832064885e+02
2.94368224030e+00	4.57696953805e+02
2.94868848561e+00	4.58561689840e+02
2.95369473091e+00	4.59426273811e+02
2.95870097622e+00	4.60290706530e+02
2.96370722153e+00	4.61154988805e+02
2.96871346683e+00	4.62019121438e+02
2.97371971214e+00	4.62883105225e+02
2.97872595745e+00	4.63746940955e+02
2.98373220275e+00	4.64610629414e+02
2.98873844806e+00	4.65474171380e+02
2.99374469337e+00	4.66337567627e+02
2.99875093867e+00	4.67200818922e+02
3.00375718398e+00	4.68063926028e+02
3.00876342929e+00	4.68926889702e+02
3.01376967459e+00	4.69789710695e+02
3.01877591990e+00	4.70652389754e+02
3.02378216521e+00	4.71514927619e+02
3.02878841051e+00	4.72377325026e+02
3.03379465582e+00	4.73239582706e+02
3.03880090113e+00	4.74101701384e+02
3.04380714643e+00	4.74963681781e+02
3.04881339174e+00	4.75825524611e+02
3.05381963705e+00	4.76687230585e+02
3.05882588235e+00	4.77548800408e+02
3.06383212766e+00	4.78410234781e+02
3.06883837297e+00	4.79271534399e+02
3.07384461827e+00	4.80132699953e+02
3.07885086358e+00	4.80993732128e+02
3.08385710889e+00	4.81854631606e+02
3.08886335419e+00	4.82715399064e+02
3.09386959950e+00	4.83576035172e+02
3.09887584481e+00	4.84436540599e+02
3.10388209011e+00	4.85296916006e+02
3.10888833542e+00	4.86157162052e+02
3.11389458073e+00	4.87017279391e+02
3.11890082603e+00	4.87877268671e+02
3.12390707134e+00	4.88737130537e+02
3.12891331665e+00	4.89596865629e+02
3.13391956195e+00	4.90456474584e+02
3.13892580726e+00	4.91315958033e+02
3.14393205257e+00	4.92175316603e+02
3.14893829787e+00	4.93034550917e+02
3.15394454318e+00	4.93893661594e+02
3.15895078849e+00	4.94752649250e+02
3.16395703379e+00	4.95611514494e+02
3.16896327910e+00	4.96470257933e+02
3.17396952441e+00	4.97328880169e+02
3.17897576971e+00	4.98187381802e+02
3.18398201502e+00	4.99045763425e+02
3.18898826033e+00	4.99904025628e+02
3.19399450563e+00	5.00762168999e+02
3.19900075094e+00	5.01620194120e+02
3.20400699625e+00	5.02478101570e+02
3.20901324155e+00	5.03335891923e+02
3.21401948686e+00	5.04193565752e+02
3.21902573217e+00	5.05051123623e+02
3.22403197747e+00	5.05908566099e+02
3.22903822278e+00	5.06765893742e+02
3.23404446809e+00	5.07623107107e+02
3.23905071339e+00	5.08480206747e+02
3.24405695870e+00	5.09337193211e+02
3.24906320401e+00	5.10194067045e+02
3.25406944931e+00	5.11050828789e+02
3.25907569462e+00	5.11907478984e+02
3.26408193992e+00	5.12764018163e+02
3.26908818523e+00	5.13620446859e+02
3.27409443054e+00	5.14476765598e+02
3.27910067584e+00	5.15332974906e+02
3.28410692115e+00	5.16189075305e+02
3.28911316646e+00	5.17045067311e+02
3.29411941176e+00	5.17900951439e+02
3.29912565707e+00	5.18756728201e+02
3.30413190238e+00	5.19612398104e+02
3.30913814768e+00	5.20467961654e+02
3.31414439299e+00	5.21323419352e+02
3.31915063830e+00	5.22178771695e+02
3.32415688360e+00	5.23034019180e+02
3.32916312891e+00	5.23889162298e+02
3.33416937422e+00	5.24744201539e+02
3.33917561952e+00	5.25599137387e+02
3.34418186483e+00	5.26453970326e+02
3.34918811014e+00	5.27308700835e+02
3.35419435544e+00	5.28163329391e+02
3.35920060075e+00	5.29017856468e+02
3.36420684606e+00	5.29872282537e+02
3.36921309136e+00	5.30726608064e+02
3.37421933667e+00	5.31580833516e+02
3.37922558198e+00	5.32434959353e+02
3.38423182728e+00	5.33288986036e+02
3.38923807259e+00	5.34142914020e+02
3.39424431790e+00	5.34996743758e+02
3.39925056320e+00	5.35850475701e+02
3.40425680851e+00	5.36704110297e+02
3.40926305382e+00	5.37557647991e+02
3.41426929912e+00	5.38411089225e+02
3.41927554443e+00	5.39264434439e+02
3.42428178974e+00	5.40117684070e+02
3.42928803504e+00	5.40970838550e+02
3.43429428035e+00	5.41823898314e+02
3.43930052566e+00	5.42676863788e+02
3.44430677096e+00	5.43529735399e+02
3.44931301627e+00	5.44382513571e+02
3.45431926158e+00	5.45235198725e+02
3.45932550688e+00	5.46087791279e+02
3.46433175219e+00	5.46940291650e+02
3.46933799750e+00	5.47792700250e+02
3.47434424280e+00	5.48645017491e+02
3.47935048811e+00	5.49497243781e+02
3.48435673342e+00	5.50349379526e+02
3.48936297872e+00	5.51201425130e+02
3.49436922403e+00	5.52053380993e+02
3.49937546934e+00	5.52905247515e+02
3.50438171464e+00	5.53757025092e+02
3.50938795995e+00	5.54608714117e+02
3.51439420526e+00	5.55460314983e+02
3.51940045056e+00	5.56311828078e+02
3.52440669587e+00	5.57163253789e+02
3.52941294118e+00	5.58014592502e+02
3.53441918648e+00	5.58865844598e+02
3.53942543179e+00	5.59717010458e+02
3.54443167710e+00	5.60568090458e+02
3.54943792240e+00	5.61419084976e+02
3.55444416771e+00	5.62269994385e+02
3.55945041302e+00	5.63120819054e+02
3.56445665832e+00	5.63971559355e+02
3.56946290363e+00	5.64822215652e+02
3.57446914894e+00	5.65672788312e+02
3.57947539424e+00	5.66523277696e+02
3.58448163955e+00	5.67373684166e+02
3.58948788486e+00	5.68224008078e+02
3.59449413016e+00	5.69074249791e+02
3.59950037547e+00	5.69924409657e+02
3.60450662078e+00	5.70774488029e+02
3.60951286608e+00	5.71624485256e+02
3.61451911139e+00	5.72474401688e+02
3.61952535670e+00	5.73324237670e+02
3.62453160200e+00	5.74173993546e+02
3.62953784731e+00	5.75023669658e+02
3.63454409262e+00	5.75873266347e+02
3.63955033792e+00	5.76722783949e+02
3.64455658323e+00	5.77572222802e+02
3.64956282854e+00	5.78421583240e+02
3.65456907384e+00	5.79270865595e+02
3.65957531915e+00	5.80120070198e+02
3.66458156446e+00	5.80969197376e+02
3.66958780976e+00	5.81818247458e+02
3.67459405507e+00	5.82667220767e+02
3.67960030038e+00	5.83516117626e+02
3.68460654568e+00	5.84364938358e+02
3.68961279099e+00	5.85213683280e+02
3.69461903630e+00	5.86062352711e+02
3.69962528160e+00	5.86910946967e+02
3.70463152691e+00	5.87759466361e+02
3.70963777222e+00	5.88607911205e+02
3.71464401752e+00	5.89456281811e+02
3.71965026283e+00	5.90304578486e+02
3.72465650814e+00	5.91152801537e+02
3.72966275344e+00	5.92000951271e+02
3.73466899875e+00	5.92849027990e+02
3.73967524406e+00	5.93697031997e+02
3.74468148936e+00	5.94544963590e+02
3.74968773467e+00	5.95392823070e+02
3.75469397997e+00	5.96240610733e+02
3.75970022528e+00	5.97088326874e+02
3.76470647059e+00	5.97935971786e+02
3.76971271589e+00	5.98783545762e+02
3.77471896120e+00	5.99631049091e+02
3.77972520651e+00	6.00478482063e+02
3.78473145181e+00	6.01325844965e+02
3.78973769712e+00	6.02173138082e+02
3.79474394243e+00	6.03020361699e+02
3.79975018773e+00	6.03867516097e+02
3.80475643304e+00	6.04714601558e+02
3.80976267835e+00	6.05561618360e+02
3.81476892365e+00	6.06408566783e+02
3.81977516896e+00	6.07255447101e+02
3.82478141427e+00	6.08102259590e+02
3.82978765957e+00	6.08949004524e+02
3.83479390488e+00	6.09795682173e+02
3.83980015019e+00	6.10642292809e+02
3.84480639549e+00	6.11488836701e+02
3.84981264080e+00	6.12335314115e+02
3.85481888611e+00	6.13181725317e+02
3.85982513141e+00	6.14028070573e+02
3.86483137672e+00	6.14874350146e+02
3.86983762203e+00	6.15720564296e+02
3.87484386733e+00	6.16566713286e+02
3.87985011264e+00	6.17412797372e+02
3.88485635795e+00	6.18258816814e+02
3.88986260325e+00	6.19104771866e+02
3.89486884856e+00	6.19950662785e+02
3.89987509387e+00	6.20796489823e+02
3.90488133917e+00	6.21642253233e+02
3.90988758448e+00	6.22487953264e+02
3.91489382979e+00	6.23333590168e+02
3.91990007509e+00	6.24179164191e+02
3.92490632040e+00	6.25024675581e+02
3.92991256571e+00	6.25870124583e+02
3.93491881101e+00	6.26715511441e+02
3.93992505632e+00	6.27560836398e+02
3.94493130163e+00	6.28406099696e+02
3.94993754693e+00	6.29251301575e+02
3.95494379224e+00	6.30096442274e+02
3.95995003755e+00	6.30941522032e+02
3.96495628285e+00	6.31786541084e+02
3.96996252816e+00	6.32631499666e+02
3.97496877347e+00	6.33476398012e+02
3.97997501877e+00	6.34321236356e+02
3.98498126408e+00	6.35166014928e+02
3.98998750939e+00	6.36010733959e+02
3.99499375469e+00	6.36855393679e+02
4.00000000000e+00	6.37699994316e+02
