# omega/omega_{WG}     k_parallel [1/micrones], $\epsilon_2$ = 12, d = 20nm, find_zeros_Silica_Eduardo_Eqs_tot.py
3.00212765957e+00	1.42184703122e+02
3.00425531915e+00	1.42285653936e+02
3.00638297872e+00	1.42386726441e+02
3.00851063830e+00	1.42487920880e+02
3.01063829787e+00	1.42589237506e+02
3.01276595745e+00	1.42690676585e+02
3.01489361702e+00	1.42792238390e+02
3.01702127660e+00	1.42893923207e+02
3.01914893617e+00	1.42995731332e+02
3.02127659574e+00	1.43097663069e+02
3.02340425532e+00	1.43199718736e+02
3.02553191489e+00	1.43301898658e+02
3.02765957447e+00	1.43404203174e+02
3.02978723404e+00	1.43506632631e+02
3.03191489362e+00	1.43609187388e+02
3.03404255319e+00	1.43711867813e+02
3.03617021277e+00	1.43814674287e+02
3.03829787234e+00	1.43917607200e+02
3.04042553191e+00	1.44020666953e+02
3.04255319149e+00	1.44123853959e+02
3.04468085106e+00	1.44227168640e+02
3.04680851064e+00	1.44330611431e+02
3.04893617021e+00	1.44434182776e+02
3.05106382979e+00	1.44537883132e+02
3.05319148936e+00	1.44641712966e+02
3.05531914894e+00	1.44745672756e+02
3.05744680851e+00	1.44849762992e+02
3.05957446809e+00	1.44953984176e+02
3.06170212766e+00	1.45058336818e+02
3.06382978723e+00	1.45162821443e+02
3.06595744681e+00	1.45267438587e+02
3.06808510638e+00	1.45372188796e+02
3.07021276596e+00	1.45477072628e+02
3.07234042553e+00	1.45582090655e+02
3.07446808511e+00	1.45687243458e+02
3.07659574468e+00	1.45792531632e+02
3.07872340426e+00	1.45897955782e+02
3.08085106383e+00	1.46003516527e+02
3.08297872340e+00	1.46109214496e+02
3.08510638298e+00	1.46215050333e+02
3.08723404255e+00	1.46321024692e+02
3.08936170213e+00	1.46427138241e+02
3.09148936170e+00	1.46533391659e+02
3.09361702128e+00	1.46639785639e+02
3.09574468085e+00	1.46746320886e+02
3.09787234043e+00	1.46852998119e+02
3.10000000000e+00	1.46959818068e+02
3.10212765957e+00	1.47066781478e+02
3.10425531915e+00	1.47173889105e+02
3.10638297872e+00	1.47281141720e+02
3.10851063830e+00	1.47388540107e+02
3.11063829787e+00	1.47496085063e+02
3.11276595745e+00	1.47603777399e+02
3.11489361702e+00	1.47711617941e+02
3.11702127660e+00	1.47819607526e+02
3.11914893617e+00	1.47927747007e+02
3.12127659574e+00	1.48036037250e+02
3.12340425532e+00	1.48144479138e+02
3.12553191489e+00	1.48253073564e+02
3.12765957447e+00	1.48361821439e+02
3.12978723404e+00	1.48470723686e+02
3.13191489362e+00	1.48579781247e+02
3.13404255319e+00	1.48688995073e+02
3.13617021277e+00	1.48798366136e+02
3.13829787234e+00	1.48907895419e+02
3.14042553191e+00	1.49017583921e+02
3.14255319149e+00	1.49127432660e+02
3.14468085106e+00	1.49237442664e+02
3.14680851064e+00	1.49347614982e+02
3.14893617021e+00	1.49457950677e+02
3.15106382979e+00	1.49568450827e+02
3.15319148936e+00	1.49679116528e+02
3.15531914894e+00	1.49789948892e+02
3.15744680851e+00	1.49900949047e+02
3.15957446809e+00	1.50012118140e+02
3.16170212766e+00	1.50123457332e+02
3.16382978723e+00	1.50234967804e+02
3.16595744681e+00	1.50346650753e+02
3.16808510638e+00	1.50458507393e+02
3.17021276596e+00	1.50570538958e+02
3.17234042553e+00	1.50682746698e+02
3.17446808511e+00	1.50795131882e+02
3.17659574468e+00	1.50907695797e+02
3.17872340426e+00	1.51020439750e+02
3.18085106383e+00	1.51133365064e+02
3.18297872340e+00	1.51246473084e+02
3.18510638298e+00	1.51359765172e+02
3.18723404255e+00	1.51473242712e+02
3.18936170213e+00	1.51586907105e+02
3.19148936170e+00	1.51700759773e+02
3.19361702128e+00	1.51814802159e+02
3.19574468085e+00	1.51929035726e+02
3.19787234043e+00	1.52043461956e+02
3.20000000000e+00	1.52158082354e+02
3.20212765957e+00	1.52272898446e+02
3.20425531915e+00	1.52387911777e+02
3.20638297872e+00	1.52503123917e+02
3.20851063830e+00	1.52618536455e+02
3.21063829787e+00	1.52734151004e+02
3.21276595745e+00	1.52849969199e+02
3.21489361702e+00	1.52965992697e+02
3.21702127660e+00	1.53082223178e+02
3.21914893617e+00	1.53198662347e+02
3.22127659574e+00	1.53315311931e+02
3.22340425532e+00	1.53432173681e+02
3.22553191489e+00	1.53549249371e+02
3.22765957447e+00	1.53666540802e+02
3.22978723404e+00	1.53784049799e+02
3.23191489362e+00	1.53901778210e+02
3.23404255319e+00	1.54019727910e+02
3.23617021277e+00	1.54137900800e+02
3.23829787234e+00	1.54256298807e+02
3.24042553191e+00	1.54374923882e+02
3.24255319149e+00	1.54493778006e+02
3.24468085106e+00	1.54612863185e+02
3.24680851064e+00	1.54732181452e+02
3.24893617021e+00	1.54851734870e+02
3.25106382979e+00	1.54971525527e+02
3.25319148936e+00	1.55091555542e+02
3.25531914894e+00	1.55211827061e+02
3.25744680851e+00	1.55332342260e+02
3.25957446809e+00	1.55453103345e+02
3.26170212766e+00	1.55574112550e+02
3.26382978723e+00	1.55695372142e+02
3.26595744681e+00	1.55816884416e+02
3.26808510638e+00	1.55938651700e+02
3.27021276596e+00	1.56060676352e+02
3.27234042553e+00	1.56182960763e+02
3.27446808511e+00	1.56305507357e+02
3.27659574468e+00	1.56428318589e+02
3.27872340426e+00	1.56551396948e+02
3.28085106383e+00	1.56674744956e+02
3.28297872340e+00	1.56798365171e+02
3.28510638298e+00	1.56922260183e+02
3.28723404255e+00	1.57046432618e+02
3.28936170213e+00	1.57170885139e+02
3.29148936170e+00	1.57295620442e+02
3.29361702128e+00	1.57420641261e+02
3.29574468085e+00	1.57545950368e+02
3.29787234043e+00	1.57671550569e+02
3.30000000000e+00	1.57797444712e+02
3.30212765957e+00	1.57923635680e+02
3.30425531915e+00	1.58050126397e+02
3.30638297872e+00	1.58176919826e+02
3.30851063830e+00	1.58304018968e+02
3.31063829787e+00	1.58431426866e+02
3.31276595745e+00	1.58559146606e+02
3.31489361702e+00	1.58687181312e+02
3.31702127660e+00	1.58815534153e+02
3.31914893617e+00	1.58944208338e+02
3.32127659574e+00	1.59073207122e+02
3.32340425532e+00	1.59202533801e+02
3.32553191489e+00	1.59332191718e+02
3.32765957447e+00	1.59462184261e+02
3.32978723404e+00	1.59592514861e+02
3.33191489362e+00	1.59723186998e+02
3.33404255319e+00	1.59854204198e+02
3.33617021277e+00	1.59985570034e+02
3.33829787234e+00	1.60117288127e+02
3.34042553191e+00	1.60249362149e+02
3.34255319149e+00	1.60381795820e+02
3.34468085106e+00	1.60514592908e+02
3.34680851064e+00	1.60647757236e+02
3.34893617021e+00	1.60781292676e+02
3.35106382979e+00	1.60915203153e+02
3.35319148936e+00	1.61049492644e+02
3.35531914894e+00	1.61184165181e+02
3.35744680851e+00	1.61319224850e+02
3.35957446809e+00	1.61454675790e+02
3.36170212766e+00	1.61590522200e+02
3.36382978723e+00	1.61726768332e+02
3.36595744681e+00	1.61863418497e+02
3.36808510638e+00	1.62000477064e+02
3.37021276596e+00	1.62137948461e+02
3.37234042553e+00	1.62275837175e+02
3.37446808511e+00	1.62414147753e+02
3.37659574468e+00	1.62552884807e+02
3.37872340426e+00	1.62692053006e+02
3.38085106383e+00	1.62831657086e+02
3.38297872340e+00	1.62971701845e+02
3.38510638298e+00	1.63112192146e+02
3.38723404255e+00	1.63253132917e+02
3.38936170213e+00	1.63394529153e+02
3.39148936170e+00	1.63536385918e+02
3.39361702128e+00	1.63678708340e+02
3.39574468085e+00	1.63821501620e+02
3.39787234043e+00	1.63964771027e+02
3.40000000000e+00	1.64108521902e+02
3.40212765957e+00	1.64252759656e+02
3.40425531915e+00	1.64397489776e+02
3.40638297872e+00	1.64542717820e+02
3.40851063830e+00	1.64688449421e+02
3.41063829787e+00	1.64834690288e+02
3.41276595745e+00	1.64981446208e+02
3.41489361702e+00	1.65128723045e+02
3.41702127660e+00	1.65276526739e+02
3.41914893617e+00	1.65424863313e+02
3.42127659574e+00	1.65573738869e+02
3.42340425532e+00	1.65723159592e+02
3.42553191489e+00	1.65873131749e+02
3.42765957447e+00	1.66023661689e+02
3.42978723404e+00	1.66174755848e+02
3.43191489362e+00	1.66326420748e+02
3.43404255319e+00	1.66478662997e+02
3.43617021277e+00	1.66631489291e+02
3.43829787234e+00	1.66784906415e+02
3.44042553191e+00	1.66938921246e+02
3.44255319149e+00	1.67093540749e+02
3.44468085106e+00	1.67248771985e+02
3.44680851064e+00	1.67404622106e+02
3.44893617021e+00	1.67561098359e+02
3.45106382979e+00	1.67718208087e+02
3.45319148936e+00	1.67875958731e+02
3.45531914894e+00	1.68034357829e+02
3.45744680851e+00	1.68193413018e+02
3.45957446809e+00	1.68353132035e+02
3.46170212766e+00	1.68513522720e+02
3.46382978723e+00	1.68674593014e+02
3.46595744681e+00	1.68836350963e+02
3.46808510638e+00	1.68998804717e+02
3.47021276596e+00	1.69161962532e+02
3.47234042553e+00	1.69325832773e+02
3.47446808511e+00	1.69490423911e+02
3.47659574468e+00	1.69655744528e+02
3.47872340426e+00	1.69821803317e+02
3.48085106383e+00	1.69988609081e+02
3.48297872340e+00	1.70156170739e+02
3.48510638298e+00	1.70324497322e+02
3.48723404255e+00	1.70493597977e+02
3.48936170213e+00	1.70663481967e+02
3.49148936170e+00	1.70834158675e+02
3.49361702128e+00	1.71005637599e+02
3.49574468085e+00	1.71177928359e+02
3.49787234043e+00	1.71351040698e+02
3.50000000000e+00	1.71524984477e+02
3.50212765957e+00	1.71699769684e+02
3.50425531915e+00	1.71875406429e+02
3.50638297872e+00	1.72051904948e+02
3.50851063830e+00	1.72229275605e+02
3.51063829787e+00	1.72407528889e+02
3.51276595745e+00	1.72586675418e+02
3.51489361702e+00	1.72766725943e+02
3.51702127660e+00	1.72947691341e+02
3.51914893617e+00	1.73129582623e+02
3.52127659574e+00	1.73312410932e+02
3.52340425532e+00	1.73496187545e+02
3.52553191489e+00	1.73680923872e+02
3.52765957447e+00	1.73866631459e+02
3.52978723404e+00	1.74053321989e+02
3.53191489362e+00	1.74241007280e+02
3.53404255319e+00	1.74429699288e+02
3.53617021277e+00	1.74619410109e+02
3.53829787234e+00	1.74810151977e+02
3.54042553191e+00	1.75001937264e+02
3.54255319149e+00	1.75194778485e+02
3.54468085106e+00	1.75388688295e+02
3.54680851064e+00	1.75583679491e+02
3.54893617021e+00	1.75779765010e+02
3.55106382979e+00	1.75976957934e+02
3.55319148936e+00	1.76175271485e+02
3.55531914894e+00	1.76374719030e+02
3.55744680851e+00	1.76575314081e+02
3.55957446809e+00	1.76777070288e+02
3.56170212766e+00	1.76980001451e+02
3.56382978723e+00	1.77184121510e+02
3.56595744681e+00	1.77389444550e+02
3.56808510638e+00	1.77595984799e+02
3.57021276596e+00	1.77803756629e+02
3.57234042553e+00	1.78012774555e+02
3.57446808511e+00	1.78223053237e+02
3.57659574468e+00	1.78434607474e+02
3.57872340426e+00	1.78647452210e+02
3.58085106383e+00	1.78861602530e+02
3.58297872340e+00	1.79077073659e+02
3.58510638298e+00	1.79293880963e+02
3.58723404255e+00	1.79512039947e+02
3.58936170213e+00	1.79731566254e+02
3.59148936170e+00	1.79952475664e+02
3.59361702128e+00	1.80174784094e+02
3.59574468085e+00	1.80398507595e+02
3.59787234043e+00	1.80623662351e+02
3.60000000000e+00	1.80850264678e+02
3.60212765957e+00	1.81078331022e+02
3.60425531915e+00	1.81307877957e+02
3.60638297872e+00	1.81538922182e+02
3.60851063830e+00	1.81771480521e+02
3.61063829787e+00	1.82005569922e+02
3.61276595745e+00	1.82241207448e+02
3.61489361702e+00	1.82478410282e+02
3.61702127660e+00	1.82717195720e+02
3.61914893617e+00	1.82957581170e+02
3.62127659574e+00	1.83199584147e+02
3.62340425532e+00	1.83443222271e+02
3.62553191489e+00	1.83688513265e+02
3.62765957447e+00	1.83935474950e+02
3.62978723404e+00	1.84184125240e+02
3.63191489362e+00	1.84434482139e+02
3.63404255319e+00	1.84686563740e+02
3.63617021277e+00	1.84940388217e+02
3.63829787234e+00	1.85195973820e+02
3.64042553191e+00	1.85453338873e+02
3.64255319149e+00	1.85712501769e+02
3.64468085106e+00	1.85973480962e+02
3.64680851064e+00	1.86236294967e+02
3.64893617021e+00	1.86500962347e+02
3.65106382979e+00	1.86767501715e+02
3.65319148936e+00	1.87035931722e+02
3.65531914894e+00	1.87306271057e+02
3.65744680851e+00	1.87578538433e+02
3.65957446809e+00	1.87852752588e+02
3.66170212766e+00	1.88128932274e+02
3.66382978723e+00	1.88407096251e+02
3.66595744681e+00	1.88687263278e+02
3.66808510638e+00	1.88969452111e+02
3.67021276596e+00	1.89253681489e+02
3.67234042553e+00	1.89539970130e+02
3.67446808511e+00	1.89828336721e+02
3.67659574468e+00	1.90118799913e+02
3.67872340426e+00	1.90411378307e+02
3.68085106383e+00	1.90706090450e+02
3.68297872340e+00	1.91002954827e+02
3.68510638298e+00	1.91301989845e+02
3.68723404255e+00	1.91603213831e+02
3.68936170213e+00	1.91906645020e+02
3.69148936170e+00	1.92212301543e+02
3.69361702128e+00	1.92520201423e+02
3.69574468085e+00	1.92830362556e+02
3.69787234043e+00	1.93142802710e+02
3.70000000000e+00	1.93457539509e+02
3.70212765957e+00	1.93774590425e+02
3.70425531915e+00	1.94093972764e+02
3.70638297872e+00	1.94415703660e+02
3.70851063830e+00	1.94739800060e+02
3.71063829787e+00	1.95066278715e+02
3.71276595745e+00	1.95395156168e+02
3.71489361702e+00	1.95726448741e+02
3.71702127660e+00	1.96060172529e+02
3.71914893617e+00	1.96396343381e+02
3.72127659574e+00	1.96734976895e+02
3.72340425532e+00	1.97076088401e+02
3.72553191489e+00	1.97419692954e+02
3.72765957447e+00	1.97765805319e+02
3.72978723404e+00	1.98114439959e+02
3.73191489362e+00	1.98465611027e+02
3.73404255319e+00	1.98819332351e+02
3.73617021277e+00	1.99175617421e+02
3.73829787234e+00	1.99534479382e+02
3.74042553191e+00	1.99895931018e+02
3.74255319149e+00	2.00259984742e+02
3.74468085106e+00	2.00626652585e+02
3.74680851064e+00	2.00995946185e+02
3.74893617021e+00	2.01367876772e+02
3.75106382979e+00	2.01742455164e+02
3.75319148936e+00	2.02119691748e+02
3.75531914894e+00	2.02499596476e+02
3.75744680851e+00	2.02882178848e+02
3.75957446809e+00	2.03267447908e+02
3.76170212766e+00	2.03655412230e+02
3.76382978723e+00	2.04046079908e+02
3.76595744681e+00	2.04439458549e+02
3.76808510638e+00	2.04835555260e+02
3.77021276596e+00	2.05234376643e+02
3.77234042553e+00	2.05635928782e+02
3.77446808511e+00	2.06040217239e+02
3.77659574468e+00	2.06447247041e+02
3.77872340426e+00	2.06857022677e+02
3.78085106383e+00	2.07269548087e+02
3.78297872340e+00	2.07684826660e+02
3.78510638298e+00	2.08102861219e+02
3.78723404255e+00	2.08523654026e+02
3.78936170213e+00	2.08947206765e+02
3.79148936170e+00	2.09373520546e+02
3.79361702128e+00	2.09802595895e+02
3.79574468085e+00	2.10234432752e+02
3.79787234043e+00	2.10669030467e+02
3.80000000000e+00	2.11106387794e+02
3.80212765957e+00	2.11546502893e+02
3.80425531915e+00	2.11989373325e+02
3.80638297872e+00	2.12434996049e+02
3.80851063830e+00	2.12883367424e+02
3.81063829787e+00	2.13334483205e+02
3.81276595745e+00	2.13788338547e+02
3.81489361702e+00	2.14244927999e+02
3.81702127660e+00	2.14704245513e+02
3.81914893617e+00	2.15166284439e+02
3.82127659574e+00	2.15631037529e+02
3.82340425532e+00	2.16098496940e+02
3.82553191489e+00	2.16568654239e+02
3.82765957447e+00	2.17041500401e+02
3.82978723404e+00	2.17517025820e+02
3.83191489362e+00	2.17995220306e+02
3.83404255319e+00	2.18476073099e+02
3.83617021277e+00	2.18959572867e+02
3.83829787234e+00	2.19445707715e+02
3.84042553191e+00	2.19934465194e+02
3.84255319149e+00	2.20425832304e+02
3.84468085106e+00	2.20919795503e+02
3.84680851064e+00	2.21416340718e+02
3.84893617021e+00	2.21915453349e+02
3.85106382979e+00	2.22417118279e+02
3.85319148936e+00	2.22921319886e+02
3.85531914894e+00	2.23428042051e+02
3.85744680851e+00	2.23937268164e+02
3.85957446809e+00	2.24448981143e+02
3.86170212766e+00	2.24963163438e+02
3.86382978723e+00	2.25479797042e+02
3.86595744681e+00	2.25998863508e+02
3.86808510638e+00	2.26520343956e+02
3.87021276596e+00	2.27044219084e+02
3.87234042553e+00	2.27570469185e+02
3.87446808511e+00	2.28099074155e+02
3.87659574468e+00	2.28630013508e+02
3.87872340426e+00	2.29163266387e+02
3.88085106383e+00	2.29698811581e+02
3.88297872340e+00	2.30236627533e+02
3.88510638298e+00	2.30776692355e+02
3.88723404255e+00	2.31318983844e+02
3.88936170213e+00	2.31863479492e+02
3.89148936170e+00	2.32410156502e+02
3.89361702128e+00	2.32958991801e+02
3.89574468085e+00	2.33509962052e+02
3.89787234043e+00	2.34063043670e+02
3.90000000000e+00	2.34618212835e+02
3.90212765957e+00	2.35175445504e+02
3.90425531915e+00	2.35734717428e+02
3.90638297872e+00	2.36296004162e+02
3.90851063830e+00	2.36859281081e+02
3.91063829787e+00	2.37424523393e+02
3.91276595745e+00	2.37991706150e+02
3.91489361702e+00	2.38560804265e+02
3.91702127660e+00	2.39131792522e+02
3.91914893617e+00	2.39704645593e+02
3.92127659574e+00	2.40279338043e+02
3.92340425532e+00	2.40855844353e+02
3.92553191489e+00	2.41434138924e+02
3.92765957447e+00	2.42014196093e+02
3.92978723404e+00	2.42595990144e+02
3.93191489362e+00	2.43179495322e+02
3.93404255319e+00	2.43764685841e+02
3.93617021277e+00	2.44351535900e+02
3.93829787234e+00	2.44940019690e+02
3.94042553191e+00	2.45530111406e+02
3.94255319149e+00	2.46121785260e+02
3.94468085106e+00	2.46715015489e+02
3.94680851064e+00	2.47309776367e+02
3.94893617021e+00	2.47906042213e+02
3.95106382979e+00	2.48503787402e+02
3.95319148936e+00	2.49102986375e+02
3.95531914894e+00	2.49703613645e+02
3.95744680851e+00	2.50305643812e+02
3.95957446809e+00	2.50909051564e+02
3.96170212766e+00	2.51513811692e+02
3.96382978723e+00	2.52119899094e+02
3.96595744681e+00	2.52727288783e+02
3.96808510638e+00	2.53335955897e+02
3.97021276596e+00	2.53945875705e+02
3.97234042553e+00	2.54557023612e+02
3.97446808511e+00	2.55169375169e+02
3.97659574468e+00	2.55782906076e+02
3.97872340426e+00	2.56397592190e+02
3.98085106383e+00	2.57013409534e+02
3.98297872340e+00	2.57630334294e+02
3.98510638298e+00	2.58248342834e+02
3.98723404255e+00	2.58867411694e+02
3.98936170213e+00	2.59487517599e+02
3.99148936170e+00	2.60108637462e+02
3.99361702128e+00	2.60730748387e+02
3.99574468085e+00	2.61353827675e+02
3.99787234043e+00	2.61977852829e+02
4.00000000000e+00	2.62602801554e+02
