# omega/omega_{WG}     k_parallel [1/micrones], $\epsilon_2$ = 12, d = 20nm, find_zeros_Silica_Eduardo_Eqs_tot.py
2.00250312891e+00	9.48411899235e+01
2.00500625782e+00	9.49599096028e+01
2.00750938673e+00	9.50787419542e+01
2.01001251564e+00	9.51976874032e+01
2.01251564456e+00	9.53167463870e+01
2.01501877347e+00	9.54359193560e+01
2.01752190238e+00	9.55552067743e+01
2.02002503129e+00	9.56746091191e+01
2.02252816020e+00	9.57941268816e+01
2.02503128911e+00	9.59137605662e+01
2.02753441802e+00	9.60335106912e+01
2.03003754693e+00	9.61533777887e+01
2.03254067584e+00	9.62733624049e+01
2.03504380476e+00	9.63934650997e+01
2.03754693367e+00	9.65136864476e+01
2.04005006258e+00	9.66340270368e+01
2.04255319149e+00	9.67544874702e+01
2.04505632040e+00	9.68750683652e+01
2.04755944931e+00	9.69957703536e+01
2.05006257822e+00	9.71165940816e+01
2.05256570713e+00	9.72375402117e+01
2.05506883605e+00	9.73586094195e+01
2.05757196496e+00	9.74798023966e+01
2.06007509387e+00	9.76011198497e+01
2.06257822278e+00	9.77225625011e+01
2.06508135169e+00	9.78441310883e+01
2.06758448060e+00	9.79658263646e+01
2.07008760951e+00	9.80876490992e+01
2.07259073842e+00	9.82096000772e+01
2.07509386733e+00	9.83316800999e+01
2.07759699625e+00	9.84538899848e+01
2.08010012516e+00	9.85762305658e+01
2.08260325407e+00	9.86987026938e+01
2.08510638298e+00	9.88213072362e+01
2.08760951189e+00	9.89440450773e+01
2.09011264080e+00	9.90669171190e+01
2.09261576971e+00	9.91899242803e+01
2.09511889862e+00	9.93130674977e+01
2.09762202753e+00	9.94363477257e+01
2.10012515645e+00	9.95597659364e+01
2.10262828536e+00	9.96833231205e+01
2.10513141427e+00	9.98070202869e+01
2.10763454318e+00	9.99308584630e+01
2.11013767209e+00	1.00054838695e+02
2.11264080100e+00	1.00178962049e+02
2.11514392991e+00	1.00303229608e+02
2.11764705882e+00	1.00427642478e+02
2.12015018773e+00	1.00552201781e+02
2.12265331665e+00	1.00676908663e+02
2.12515644556e+00	1.00801764287e+02
2.12765957447e+00	1.00926769837e+02
2.13016270338e+00	1.01051926520e+02
2.13266583229e+00	1.01177235562e+02
2.13516896120e+00	1.01302698209e+02
2.13767209011e+00	1.01428315733e+02
2.14017521902e+00	1.01554089424e+02
2.14267834793e+00	1.01680020595e+02
2.14518147685e+00	1.01806110583e+02
2.14768460576e+00	1.01932360745e+02
2.15018773467e+00	1.02058772465e+02
2.15269086358e+00	1.02185347146e+02
2.15519399249e+00	1.02312086218e+02
2.15769712140e+00	1.02438991133e+02
2.16020025031e+00	1.02566063370e+02
2.16270337922e+00	1.02693304429e+02
2.16520650814e+00	1.02820715838e+02
2.16770963705e+00	1.02948299149e+02
2.17021276596e+00	1.03076055941e+02
2.17271589487e+00	1.03203987817e+02
2.17521902378e+00	1.03332096409e+02
2.17772215269e+00	1.03460383375e+02
2.18022528160e+00	1.03588850400e+02
2.18272841051e+00	1.03717499197e+02
2.18523153942e+00	1.03846331506e+02
2.18773466834e+00	1.03975349097e+02
2.19023779725e+00	1.04104553769e+02
2.19274092616e+00	1.04233947350e+02
2.19524405507e+00	1.04363531697e+02
2.19774718398e+00	1.04493308698e+02
2.20025031289e+00	1.04623280272e+02
2.20275344180e+00	1.04753448370e+02
2.20525657071e+00	1.04883814972e+02
2.20775969962e+00	1.05014382092e+02
2.21026282854e+00	1.05145151778e+02
2.21276595745e+00	1.05276126108e+02
2.21526908636e+00	1.05407307196e+02
2.21777221527e+00	1.05538697190e+02
2.22027534418e+00	1.05670298272e+02
2.22277847309e+00	1.05802112660e+02
2.22528160200e+00	1.05934142607e+02
2.22778473091e+00	1.06066390403e+02
2.23028785982e+00	1.06198858376e+02
2.23279098874e+00	1.06331548889e+02
2.23529411765e+00	1.06464464346e+02
2.23779724656e+00	1.06597607188e+02
2.24030037547e+00	1.06730979897e+02
2.24280350438e+00	1.06864584993e+02
2.24530663329e+00	1.06998425038e+02
2.24780976220e+00	1.07132502636e+02
2.25031289111e+00	1.07266820432e+02
2.25281602003e+00	1.07401381114e+02
2.25531914894e+00	1.07536187414e+02
2.25782227785e+00	1.07671242107e+02
2.26032540676e+00	1.07806548013e+02
2.26282853567e+00	1.07942108000e+02
2.26533166458e+00	1.08077924980e+02
2.26783479349e+00	1.08214001913e+02
2.27033792240e+00	1.08350341807e+02
2.27284105131e+00	1.08486947718e+02
2.27534418023e+00	1.08623822752e+02
2.27784730914e+00	1.08760970067e+02
2.28035043805e+00	1.08898392870e+02
2.28285356696e+00	1.09036094421e+02
2.28535669587e+00	1.09174078034e+02
2.28785982478e+00	1.09312347074e+02
2.29036295369e+00	1.09450904965e+02
2.29286608260e+00	1.09589755184e+02
2.29536921151e+00	1.09728901265e+02
2.29787234043e+00	1.09868346800e+02
2.30037546934e+00	1.10008095440e+02
2.30287859825e+00	1.10148150895e+02
2.30538172716e+00	1.10288516937e+02
2.30788485607e+00	1.10429197399e+02
2.31038798498e+00	1.10570196176e+02
2.31289111389e+00	1.10711517228e+02
2.31539424280e+00	1.10853164580e+02
2.31789737171e+00	1.10995142322e+02
2.32040050063e+00	1.11137454614e+02
2.32290362954e+00	1.11280105682e+02
2.32540675845e+00	1.11423099822e+02
2.32790988736e+00	1.11566441402e+02
2.33041301627e+00	1.11710134861e+02
2.33291614518e+00	1.11854184711e+02
2.33541927409e+00	1.11998595542e+02
2.33792240300e+00	1.12143372016e+02
2.34042553191e+00	1.12288518874e+02
2.34292866083e+00	1.12434040937e+02
2.34543178974e+00	1.12579943103e+02
2.34793491865e+00	1.12726230354e+02
2.35043804756e+00	1.12872907755e+02
2.35294117647e+00	1.13019980454e+02
2.35544430538e+00	1.13167453685e+02
2.35794743429e+00	1.13315332771e+02
2.36045056320e+00	1.13463623123e+02
2.36295369212e+00	1.13612330243e+02
2.36545682103e+00	1.13761459723e+02
2.36795994994e+00	1.13911017252e+02
2.37046307885e+00	1.14061008613e+02
2.37296620776e+00	1.14211439685e+02
2.37546933667e+00	1.14362316449e+02
2.37797246558e+00	1.14513644983e+02
2.38047559449e+00	1.14665431471e+02
2.38297872340e+00	1.14817682197e+02
2.38548185232e+00	1.14970403556e+02
2.38798498123e+00	1.15123602047e+02
2.39048811014e+00	1.15277284281e+02
2.39299123905e+00	1.15431456980e+02
2.39549436796e+00	1.15586126981e+02
2.39799749687e+00	1.15741301236e+02
2.40050062578e+00	1.15896986815e+02
2.40300375469e+00	1.16053190907e+02
2.40550688360e+00	1.16209920826e+02
2.40801001252e+00	1.16367184008e+02
2.41051314143e+00	1.16524988015e+02
2.41301627034e+00	1.16683340541e+02
2.41551939925e+00	1.16842249407e+02
2.41802252816e+00	1.17001722570e+02
2.42052565707e+00	1.17161768123e+02
2.42302878598e+00	1.17322394295e+02
2.42553191489e+00	1.17483609457e+02
2.42803504380e+00	1.17645422122e+02
2.43053817272e+00	1.17807840951e+02
2.43304130163e+00	1.17970874749e+02
2.43554443054e+00	1.18134532474e+02
2.43804755945e+00	1.18298823238e+02
2.44055068836e+00	1.18463756308e+02
2.44305381727e+00	1.18629341109e+02
2.44555694618e+00	1.18795587227e+02
2.44806007509e+00	1.18962504415e+02
2.45056320401e+00	1.19130102589e+02
2.45306633292e+00	1.19298391837e+02
2.45556946183e+00	1.19467382420e+02
2.45807259074e+00	1.19637084774e+02
2.46057571965e+00	1.19807509512e+02
2.46307884856e+00	1.19978667433e+02
2.46558197747e+00	1.20150569515e+02
2.46808510638e+00	1.20323226928e+02
2.47058823529e+00	1.20496651031e+02
2.47309136421e+00	1.20670853378e+02
2.47559449312e+00	1.20845845719e+02
2.47809762203e+00	1.21021640006e+02
2.48060075094e+00	1.21198248393e+02
2.48310387985e+00	1.21375683242e+02
2.48560700876e+00	1.21553957126e+02
2.48811013767e+00	1.21733082831e+02
2.49061326658e+00	1.21913073359e+02
2.49311639549e+00	1.22093941934e+02
2.49561952441e+00	1.22275702004e+02
2.49812265332e+00	1.22458367243e+02
2.50062578223e+00	1.22641951559e+02
2.50312891114e+00	1.22826469091e+02
2.50563204005e+00	1.23011934217e+02
2.50813516896e+00	1.23198361559e+02
2.51063829787e+00	1.23385765980e+02
2.51314142678e+00	1.23574162595e+02
2.51564455569e+00	1.23763566770e+02
2.51814768461e+00	1.23953994127e+02
2.52065081352e+00	1.24145460548e+02
2.52315394243e+00	1.24337982177e+02
2.52565707134e+00	1.24531575426e+02
2.52816020025e+00	1.24726256977e+02
2.53066332916e+00	1.24922043785e+02
2.53316645807e+00	1.25118953083e+02
2.53566958698e+00	1.25317002386e+02
2.53817271589e+00	1.25516209493e+02
2.54067584481e+00	1.25716592490e+02
2.54317897372e+00	1.25918169755e+02
2.54568210263e+00	1.26120959962e+02
2.54818523154e+00	1.26324982082e+02
2.55068836045e+00	1.26530255389e+02
2.55319148936e+00	1.26736799461e+02
2.55569461827e+00	1.26944634185e+02
2.55819774718e+00	1.27153779757e+02
2.56070087610e+00	1.27364256689e+02
2.56320400501e+00	1.27576085812e+02
2.56570713392e+00	1.27789288274e+02
2.56821026283e+00	1.28003885548e+02
2.57071339174e+00	1.28219899431e+02
2.57321652065e+00	1.28437352050e+02
2.57571964956e+00	1.28656265861e+02
2.57822277847e+00	1.28876663654e+02
2.58072590738e+00	1.29098568553e+02
2.58322903630e+00	1.29322004019e+02
2.58573216521e+00	1.29546993851e+02
2.58823529412e+00	1.29773562189e+02
2.59073842303e+00	1.30001733515e+02
2.59324155194e+00	1.30231532653e+02
2.59574468085e+00	1.30462984769e+02
2.59824780976e+00	1.30696115377e+02
2.60075093867e+00	1.30930950332e+02
2.60325406758e+00	1.31167515837e+02
2.60575719650e+00	1.31405838437e+02
2.60826032541e+00	1.31645945023e+02
2.61076345432e+00	1.31887862830e+02
2.61326658323e+00	1.32131619434e+02
2.61576971214e+00	1.32377242753e+02
2.61827284105e+00	1.32624761044e+02
2.62077596996e+00	1.32874202902e+02
2.62327909887e+00	1.33125597256e+02
2.62578222778e+00	1.33378973365e+02
2.62828535670e+00	1.33634360818e+02
2.63078848561e+00	1.33891789528e+02
2.63329161452e+00	1.34151289727e+02
2.63579474343e+00	1.34412891962e+02
2.63829787234e+00	1.34676627090e+02
2.64080100125e+00	1.34942526269e+02
2.64330413016e+00	1.35210620958e+02
2.64580725907e+00	1.35480942902e+02
2.64831038798e+00	1.35753524129e+02
2.65081351690e+00	1.36028396944e+02
2.65331664581e+00	1.36305593911e+02
2.65581977472e+00	1.36585147853e+02
2.65832290363e+00	1.36867091837e+02
2.66082603254e+00	1.37151459163e+02
2.66332916145e+00	1.37438283354e+02
2.66583229036e+00	1.37727598140e+02
2.66833541927e+00	1.38019437450e+02
2.67083854819e+00	1.38313835393e+02
2.67334167710e+00	1.38610826246e+02
2.67584480601e+00	1.38910444437e+02
2.67834793492e+00	1.39212724531e+02
2.68085106383e+00	1.39517701209e+02
2.68335419274e+00	1.39825409251e+02
2.68585732165e+00	1.40135883519e+02
2.68836045056e+00	1.40449158936e+02
2.69086357947e+00	1.40765270464e+02
2.69336670839e+00	1.41084253083e+02
2.69586983730e+00	1.41406141769e+02
2.69837296621e+00	1.41730971473e+02
2.70087609512e+00	1.42058777090e+02
2.70337922403e+00	1.42389593440e+02
2.70588235294e+00	1.42723455240e+02
2.70838548185e+00	1.43060397077e+02
2.71088861076e+00	1.43400453380e+02
2.71339173967e+00	1.43743658390e+02
2.71589486859e+00	1.44090046136e+02
2.71839799750e+00	1.44439650397e+02
2.72090112641e+00	1.44792504677e+02
2.72340425532e+00	1.45148642171e+02
2.72590738423e+00	1.45508095732e+02
2.72841051314e+00	1.45870897840e+02
2.73091364205e+00	1.46237080566e+02
2.73341677096e+00	1.46606675538e+02
2.73591989987e+00	1.46979713908e+02
2.73842302879e+00	1.47356226312e+02
2.74092615770e+00	1.47736242841e+02
2.74342928661e+00	1.48119792997e+02
2.74593241552e+00	1.48506905663e+02
2.74843554443e+00	1.48897609063e+02
2.75093867334e+00	1.49291930723e+02
2.75344180225e+00	1.49689897438e+02
2.75594493116e+00	1.50091535232e+02
2.75844806008e+00	1.50496869322e+02
2.76095118899e+00	1.50905924079e+02
2.76345431790e+00	1.51318722993e+02
2.76595744681e+00	1.51735288635e+02
2.76846057572e+00	1.52155642622e+02
2.77096370463e+00	1.52579805581e+02
2.77346683354e+00	1.53007797111e+02
2.77596996245e+00	1.53439635752e+02
2.77847309136e+00	1.53875338949e+02
2.78097622028e+00	1.54314923020e+02
2.78347934919e+00	1.54758403122e+02
2.78598247810e+00	1.55205793223e+02
2.78848560701e+00	1.55657106068e+02
2.79098873592e+00	1.56112353154e+02
2.79349186483e+00	1.56571544699e+02
2.79599499374e+00	1.57034689620e+02
2.79849812265e+00	1.57501795506e+02
2.80100125156e+00	1.57972868592e+02
2.80350438048e+00	1.58447913745e+02
2.80600750939e+00	1.58926934438e+02
2.80851063830e+00	1.59409932735e+02
2.81101376721e+00	1.59896909274e+02
2.81351689612e+00	1.60387863254e+02
2.81602002503e+00	1.60882792423e+02
2.81852315394e+00	1.61381693066e+02
2.82102628285e+00	1.61884560000e+02
2.82352941176e+00	1.62391386567e+02
2.82603254068e+00	1.62902164631e+02
2.82853566959e+00	1.63416884575e+02
2.83103879850e+00	1.63935535304e+02
2.83354192741e+00	1.64458104247e+02
2.83604505632e+00	1.64984577364e+02
2.83854818523e+00	1.65514939151e+02
2.84105131414e+00	1.66049172651e+02
2.84355444305e+00	1.66587259468e+02
2.84605757196e+00	1.67129179777e+02
2.84856070088e+00	1.67674912345e+02
2.85106382979e+00	1.68224434547e+02
2.85356695870e+00	1.68777722385e+02
2.85607008761e+00	1.69334750515e+02
2.85857321652e+00	1.69895492267e+02
2.86107634543e+00	1.70459919675e+02
2.86357947434e+00	1.71028003502e+02
2.86608260325e+00	1.71599713272e+02
2.86858573217e+00	1.72175017301e+02
2.87108886108e+00	1.72753882730e+02
2.87359198999e+00	1.73336275560e+02
2.87609511890e+00	1.73922160687e+02
2.87859824781e+00	1.74511501939e+02
2.88110137672e+00	1.75104262117e+02
2.88360450563e+00	1.75700403032e+02
2.88610763454e+00	1.76299885545e+02
2.88861076345e+00	1.76902669611e+02
2.89111389237e+00	1.77508714318e+02
2.89361702128e+00	1.78117977930e+02
2.89612015019e+00	1.78730417934e+02
2.89862327910e+00	1.79345991079e+02
2.90112640801e+00	1.79964653422e+02
2.90362953692e+00	1.80586360371e+02
2.90613266583e+00	1.81211066731e+02
2.90863579474e+00	1.81838726747e+02
2.91113892365e+00	1.82469294148e+02
2.91364205257e+00	1.83102722194e+02
2.91614518148e+00	1.83738963713e+02
2.91864831039e+00	1.84377971154e+02
2.92115143930e+00	1.85019696619e+02
2.92365456821e+00	1.85664091916e+02
2.92615769712e+00	1.86311108593e+02
2.92866082603e+00	1.86960697983e+02
2.93116395494e+00	1.87612811245e+02
2.93366708385e+00	1.88267399399e+02
2.93617021277e+00	1.88924413372e+02
2.93867334168e+00	1.89583804030e+02
2.94117647059e+00	1.90245522216e+02
2.94367959950e+00	1.90909518791e+02
2.94618272841e+00	1.91575744661e+02
2.94868585732e+00	1.92244150818e+02
2.95118898623e+00	1.92914688367e+02
2.95369211514e+00	1.93587308565e+02
2.95619524406e+00	1.94261962842e+02
2.95869837297e+00	1.94938602840e+02
2.96120150188e+00	1.95617180434e+02
2.96370463079e+00	1.96297647763e+02
2.96620775970e+00	1.96979957257e+02
2.96871088861e+00	1.97664061656e+02
2.97121401752e+00	1.98349914040e+02
2.97371714643e+00	1.99037467847e+02
2.97622027534e+00	1.99726676898e+02
2.97872340426e+00	2.00417495412e+02
2.98122653317e+00	2.01109878029e+02
2.98372966208e+00	2.01803779829e+02
2.98623279099e+00	2.02499156342e+02
2.98873591990e+00	2.03195963570e+02
2.99123904881e+00	2.03894158000e+02
2.99374217772e+00	2.04593696615e+02
2.99624530663e+00	2.05294536908e+02
2.99874843554e+00	2.05996636896e+02
3.00125156446e+00	2.06699955125e+02
3.00375469337e+00	2.07404450683e+02
3.00625782228e+00	2.08110083209e+02
3.00876095119e+00	2.08816812898e+02
3.01126408010e+00	2.09524600509e+02
3.01376720901e+00	2.10233407374e+02
3.01627033792e+00	2.10943195396e+02
3.01877346683e+00	2.11653927061e+02
3.02127659574e+00	2.12365565436e+02
3.02377972466e+00	2.13078074176e+02
3.02628285357e+00	2.13791417522e+02
3.02878598248e+00	2.14505560306e+02
3.03128911139e+00	2.15220467951e+02
3.03379224030e+00	2.15936106470e+02
3.03629536921e+00	2.16652442466e+02
3.03879849812e+00	2.17369443134e+02
3.04130162703e+00	2.18087076255e+02
3.04380475594e+00	2.18805310198e+02
3.04630788486e+00	2.19524113916e+02
3.04881101377e+00	2.20243456944e+02
3.05131414268e+00	2.20963309395e+02
3.05381727159e+00	2.21683641957e+02
3.05632040050e+00	2.22404425889e+02
3.05882352941e+00	2.23125633016e+02
3.06132665832e+00	2.23847235727e+02
3.06382978723e+00	2.24569206967e+02
3.06633291615e+00	2.25291520235e+02
3.06883604506e+00	2.26014149575e+02
3.07133917397e+00	2.26737069574e+02
3.07384230288e+00	2.27460255354e+02
3.07634543179e+00	2.28183682567e+02
3.07884856070e+00	2.28907327387e+02
3.08135168961e+00	2.29631166507e+02
3.08385481852e+00	2.30355177131e+02
3.08635794743e+00	2.31079336964e+02
3.08886107635e+00	2.31803624212e+02
3.09136420526e+00	2.32528017569e+02
3.09386733417e+00	2.33252496214e+02
3.09637046308e+00	2.33977039802e+02
3.09887359199e+00	2.34701628459e+02
3.10137672090e+00	2.35426242771e+02
3.10387984981e+00	2.36150863780e+02
3.10638297872e+00	2.36875472979e+02
3.10888610763e+00	2.37600052299e+02
3.11138923655e+00	2.38324584105e+02
3.11389236546e+00	2.39049051191e+02
3.11639549437e+00	2.39773436767e+02
3.11889862328e+00	2.40497724459e+02
3.12140175219e+00	2.41221898294e+02
3.12390488110e+00	2.41945942700e+02
3.12640801001e+00	2.42669842496e+02
3.12891113892e+00	2.43393582881e+02
3.13141426783e+00	2.44117149436e+02
3.13391739675e+00	2.44840528107e+02
3.13642052566e+00	2.45563705207e+02
3.13892365457e+00	2.46286667401e+02
3.14142678348e+00	2.47009401705e+02
3.14392991239e+00	2.47731895478e+02
3.14643304130e+00	2.48454136414e+02
3.14893617021e+00	2.49176112537e+02
3.15143929912e+00	2.49897812191e+02
3.15394242804e+00	2.50619224039e+02
3.15644555695e+00	2.51340337051e+02
3.15894868586e+00	2.52061140505e+02
3.16145181477e+00	2.52781623970e+02
3.16395494368e+00	2.53501777311e+02
3.16645807259e+00	2.54221590677e+02
3.16896120150e+00	2.54941054493e+02
3.17146433041e+00	2.55660159462e+02
3.17396745932e+00	2.56378896551e+02
3.17647058824e+00	2.57097256989e+02
3.17897371715e+00	2.57815232263e+02
3.18147684606e+00	2.58532814108e+02
3.18397997497e+00	2.59249994507e+02
3.18648310388e+00	2.59966765680e+02
3.18898623279e+00	2.60683120083e+02
3.19148936170e+00	2.61399050402e+02
3.19399249061e+00	2.62114549545e+02
3.19649561952e+00	2.62829610642e+02
3.19899874844e+00	2.63544227036e+02
3.20150187735e+00	2.64258392278e+02
3.20400500626e+00	2.64972100128e+02
3.20650813517e+00	2.65685344542e+02
3.20901126408e+00	2.66398119675e+02
3.21151439299e+00	2.67110419870e+02
3.21401752190e+00	2.67822239660e+02
3.21652065081e+00	2.68533573758e+02
3.21902377972e+00	2.69244417057e+02
3.22152690864e+00	2.69954764624e+02
3.22403003755e+00	2.70664611695e+02
3.22653316646e+00	2.71373953673e+02
3.22903629537e+00	2.72082786123e+02
3.23153942428e+00	2.72791104769e+02
3.23404255319e+00	2.73498905490e+02
3.23654568210e+00	2.74206184314e+02
3.23904881101e+00	2.74912937420e+02
3.24155193992e+00	2.75619161127e+02
3.24405506884e+00	2.76324851898e+02
3.24655819775e+00	2.77030006331e+02
3.24906132666e+00	2.77734621159e+02
3.25156445557e+00	2.78438693246e+02
3.25406758448e+00	2.79142219581e+02
3.25657071339e+00	2.79845197280e+02
3.25907384230e+00	2.80547623580e+02
3.26157697121e+00	2.81249495837e+02
3.26408010013e+00	2.81950811520e+02
3.26658322904e+00	2.82651568213e+02
3.26908635795e+00	2.83351763609e+02
3.27158948686e+00	2.84051395509e+02
3.27409261577e+00	2.84750461819e+02
3.27659574468e+00	2.85448960545e+02
3.27909887359e+00	2.86146889794e+02
3.28160200250e+00	2.86844247770e+02
3.28410513141e+00	2.87541032770e+02
3.28660826033e+00	2.88237243186e+02
3.28911138924e+00	2.88932877498e+02
3.29161451815e+00	2.89627934274e+02
3.29411764706e+00	2.90322412167e+02
3.29662077597e+00	2.91016309913e+02
3.29912390488e+00	2.91709626332e+02
3.30162703379e+00	2.92402360318e+02
3.30413016270e+00	2.93094510847e+02
3.30663329161e+00	2.93786076967e+02
3.30913642053e+00	2.94477057801e+02
3.31163954944e+00	2.95167452541e+02
3.31414267835e+00	2.95857260451e+02
3.31664580726e+00	2.96546480862e+02
3.31914893617e+00	2.97235113169e+02
3.32165206508e+00	2.97923156833e+02
3.32415519399e+00	2.98610611377e+02
3.32665832290e+00	2.99297476385e+02
3.32916145181e+00	2.99983751500e+02
3.33166458073e+00	3.00669436422e+02
3.33416770964e+00	3.01354530909e+02
3.33667083855e+00	3.02039034773e+02
3.33917396746e+00	3.02722947877e+02
3.34167709637e+00	3.03406270138e+02
3.34418022528e+00	3.04089001524e+02
3.34668335419e+00	3.04771142051e+02
3.34918648310e+00	3.05452691781e+02
3.35168961202e+00	3.06133650825e+02
3.35419274093e+00	3.06814019339e+02
3.35669586984e+00	3.07493797521e+02
3.35919899875e+00	3.08172985614e+02
3.36170212766e+00	3.08851583900e+02
3.36420525657e+00	3.09529592704e+02
3.36670838548e+00	3.10207012389e+02
3.36921151439e+00	3.10883843355e+02
3.37171464330e+00	3.11560086041e+02
3.37421777222e+00	3.12235740922e+02
3.37672090113e+00	3.12910808507e+02
3.37922403004e+00	3.13585289340e+02
3.38172715895e+00	3.14259183996e+02
3.38423028786e+00	3.14932493085e+02
3.38673341677e+00	3.15605217246e+02
3.38923654568e+00	3.16277357150e+02
3.39173967459e+00	3.16948913497e+02
3.39424280350e+00	3.17619887013e+02
3.39674593242e+00	3.18290278456e+02
3.39924906133e+00	3.18960088607e+02
3.40175219024e+00	3.19629318276e+02
3.40425531915e+00	3.20297968297e+02
3.40675844806e+00	3.20966039528e+02
3.40926157697e+00	3.21633532852e+02
3.41176470588e+00	3.22300449175e+02
3.41426783479e+00	3.22966789424e+02
3.41677096370e+00	3.23632554549e+02
3.41927409262e+00	3.24297745520e+02
3.42177722153e+00	3.24962363329e+02
3.42428035044e+00	3.25626408985e+02
3.42678347935e+00	3.26289883520e+02
3.42928660826e+00	3.26952787981e+02
3.43178973717e+00	3.27615123433e+02
3.43429286608e+00	3.28276890961e+02
3.43679599499e+00	3.28938091664e+02
3.43929912390e+00	3.29598726658e+02
3.44180225282e+00	3.30258797075e+02
3.44430538173e+00	3.30918304063e+02
3.44680851064e+00	3.31577248782e+02
3.44931163955e+00	3.32235632408e+02
3.45181476846e+00	3.32893456130e+02
3.45431789737e+00	3.33550721151e+02
3.45682102628e+00	3.34207428684e+02
3.45932415519e+00	3.34863579958e+02
3.46182728411e+00	3.35519176210e+02
3.46433041302e+00	3.36174218691e+02
3.46683354193e+00	3.36828708661e+02
3.46933667084e+00	3.37482647393e+02
3.47183979975e+00	3.38136036167e+02
3.47434292866e+00	3.38788876274e+02
3.47684605757e+00	3.39441169016e+02
3.47934918648e+00	3.40092915700e+02
3.48185231539e+00	3.40744117646e+02
3.48435544431e+00	3.41394776179e+02
3.48685857322e+00	3.42044892632e+02
3.48936170213e+00	3.42694468348e+02
3.49186483104e+00	3.43343504675e+02
3.49436795995e+00	3.43992002968e+02
3.49687108886e+00	3.44639964589e+02
3.49937421777e+00	3.45287390907e+02
3.50187734668e+00	3.45934283296e+02
3.50438047559e+00	3.46580643135e+02
3.50688360451e+00	3.47226471811e+02
3.50938673342e+00	3.47871770712e+02
3.51188986233e+00	3.48516541234e+02
3.51439299124e+00	3.49160784778e+02
3.51689612015e+00	3.49804502746e+02
3.51939924906e+00	3.50447696548e+02
3.52190237797e+00	3.51090367594e+02
3.52440550688e+00	3.51732517301e+02
3.52690863579e+00	3.52374147088e+02
3.52941176471e+00	3.53015258375e+02
3.53191489362e+00	3.53655852590e+02
3.53441802253e+00	3.54295931158e+02
3.53692115144e+00	3.54935495510e+02
3.53942428035e+00	3.55574547079e+02
3.54192740926e+00	3.56213087298e+02
3.54443053817e+00	3.56851117605e+02
3.54693366708e+00	3.57488639438e+02
3.54943679599e+00	3.58125654235e+02
3.55193992491e+00	3.58762163439e+02
3.55444305382e+00	3.59398168491e+02
3.55694618273e+00	3.60033670835e+02
3.55944931164e+00	3.60668671915e+02
3.56195244055e+00	3.61303173175e+02
3.56445556946e+00	3.61937176061e+02
3.56695869837e+00	3.62570682018e+02
3.56946182728e+00	3.63203692493e+02
3.57196495620e+00	3.63836208932e+02
3.57446808511e+00	3.64468232780e+02
3.57697121402e+00	3.65099765484e+02
3.57947434293e+00	3.65730808488e+02
3.58197747184e+00	3.66361363239e+02
3.58448060075e+00	3.66991431180e+02
3.58698372966e+00	3.67621013756e+02
3.58948685857e+00	3.68250112410e+02
3.59198998748e+00	3.68878728583e+02
3.59449311640e+00	3.69506863718e+02
3.59699624531e+00	3.70134519253e+02
3.59949937422e+00	3.70761696628e+02
3.60200250313e+00	3.71388397281e+02
3.60450563204e+00	3.72014622646e+02
3.60700876095e+00	3.72640374160e+02
3.60951188986e+00	3.73265653254e+02
3.61201501877e+00	3.73890461359e+02
3.61451814768e+00	3.74514799906e+02
3.61702127660e+00	3.75138670321e+02
3.61952440551e+00	3.75762074031e+02
3.62202753442e+00	3.76385012457e+02
3.62453066333e+00	3.77007487022e+02
3.62703379224e+00	3.77629499145e+02
3.62953692115e+00	3.78251050242e+02
3.63204005006e+00	3.78872141728e+02
3.63454317897e+00	3.79492775015e+02
3.63704630788e+00	3.80112951513e+02
3.63954943680e+00	3.80732672627e+02
3.64205256571e+00	3.81351939763e+02
3.64455569462e+00	3.81970754322e+02
3.64705882353e+00	3.82589117703e+02
3.64956195244e+00	3.83207031302e+02
3.65206508135e+00	3.83824496513e+02
3.65456821026e+00	3.84441514725e+02
3.65707133917e+00	3.85058087325e+02
3.65957446809e+00	3.85674215699e+02
3.66207759700e+00	3.86289901228e+02
3.66458072591e+00	3.86905145289e+02
3.66708385482e+00	3.87519949257e+02
3.66958698373e+00	3.88134314505e+02
3.67209011264e+00	3.88748242400e+02
3.67459324155e+00	3.89361734309e+02
3.67709637046e+00	3.89974791592e+02
3.67959949937e+00	3.90587415609e+02
3.68210262829e+00	3.91199607714e+02
3.68460575720e+00	3.91811369260e+02
3.68710888611e+00	3.92422701594e+02
3.68961201502e+00	3.93033606062e+02
3.69211514393e+00	3.93644084003e+02
3.69461827284e+00	3.94254136757e+02
3.69712140175e+00	3.94863765657e+02
3.69962453066e+00	3.95472972033e+02
3.70212765957e+00	3.96081757212e+02
3.70463078849e+00	3.96690122517e+02
3.70713391740e+00	3.97298069268e+02
3.70963704631e+00	3.97905598780e+02
3.71214017522e+00	3.98512712365e+02
3.71464330413e+00	3.99119411331e+02
3.71714643304e+00	3.99725696982e+02
3.71964956195e+00	4.00331570619e+02
3.72215269086e+00	4.00937033538e+02
3.72465581977e+00	4.01542087033e+02
3.72715894869e+00	4.02146732392e+02
3.72966207760e+00	4.02750970900e+02
3.73216520651e+00	4.03354803838e+02
3.73466833542e+00	4.03958232483e+02
3.73717146433e+00	4.04561258110e+02
3.73967459324e+00	4.05163881986e+02
3.74217772215e+00	4.05766105378e+02
3.74468085106e+00	4.06367929547e+02
3.74718397997e+00	4.06969355750e+02
3.74968710889e+00	4.07570385241e+02
3.75219023780e+00	4.08171019269e+02
3.75469336671e+00	4.08771259079e+02
3.75719649562e+00	4.09371105913e+02
3.75969962453e+00	4.09970561009e+02
3.76220275344e+00	4.10569625599e+02
3.76470588235e+00	4.11168300913e+02
3.76720901126e+00	4.11766588177e+02
3.76971214018e+00	4.12364488610e+02
3.77221526909e+00	4.12962003432e+02
3.77471839800e+00	4.13559133853e+02
3.77722152691e+00	4.14155881085e+02
3.77972465582e+00	4.14752246331e+02
3.78222778473e+00	4.15348230792e+02
3.78473091364e+00	4.15943835666e+02
3.78723404255e+00	4.16539062144e+02
3.78973717146e+00	4.17133911417e+02
3.79224030038e+00	4.17728384667e+02
3.79474342929e+00	4.18322483076e+02
3.79724655820e+00	4.18916207821e+02
3.79974968711e+00	4.19509560073e+02
3.80225281602e+00	4.20102541000e+02
3.80475594493e+00	4.20695151768e+02
3.80725907384e+00	4.21287393536e+02
3.80976220275e+00	4.21879267459e+02
3.81226533166e+00	4.22470774691e+02
3.81476846058e+00	4.23061916379e+02
3.81727158949e+00	4.23652693667e+02
3.81977471840e+00	4.24243107695e+02
3.82227784731e+00	4.24833159598e+02
3.82478097622e+00	4.25422850508e+02
3.82728410513e+00	4.26012181553e+02
3.82978723404e+00	4.26601153857e+02
3.83229036295e+00	4.27189768538e+02
3.83479349186e+00	4.27778026713e+02
3.83729662078e+00	4.28365929492e+02
3.83979974969e+00	4.28953477984e+02
3.84230287860e+00	4.29540673292e+02
3.84480600751e+00	4.30127516516e+02
3.84730913642e+00	4.30714008750e+02
3.84981226533e+00	4.31300151086e+02
3.85231539424e+00	4.31885944612e+02
3.85481852315e+00	4.32471390411e+02
3.85732165207e+00	4.33056489563e+02
3.85982478098e+00	4.33641243143e+02
3.86232790989e+00	4.34225652223e+02
3.86483103880e+00	4.34809717870e+02
3.86733416771e+00	4.35393441148e+02
3.86983729662e+00	4.35976823118e+02
3.87234042553e+00	4.36559864833e+02
3.87484355444e+00	4.37142567348e+02
3.87734668335e+00	4.37724931709e+02
3.87984981227e+00	4.38306958960e+02
3.88235294118e+00	4.38888650143e+02
3.88485607009e+00	4.39470006292e+02
3.88735919900e+00	4.40051028441e+02
3.88986232791e+00	4.40631717619e+02
3.89236545682e+00	4.41212074849e+02
3.89486858573e+00	4.41792101153e+02
3.89737171464e+00	4.42371797549e+02
3.89987484355e+00	4.42951165048e+02
3.90237797247e+00	4.43530204661e+02
3.90488110138e+00	4.44108917393e+02
3.90738423029e+00	4.44687304246e+02
3.90988735920e+00	4.45265366218e+02
3.91239048811e+00	4.45843104303e+02
3.91489361702e+00	4.46420519493e+02
3.91739674593e+00	4.46997612773e+02
3.91989987484e+00	4.47574385127e+02
3.92240300375e+00	4.48150837534e+02
3.92490613267e+00	4.48726970969e+02
3.92740926158e+00	4.49302786405e+02
3.92991239049e+00	4.49878284810e+02
3.93241551940e+00	4.50453467148e+02
3.93491864831e+00	4.51028334381e+02
3.93742177722e+00	4.51602887464e+02
3.93992490613e+00	4.52177127353e+02
3.94242803504e+00	4.52751054997e+02
3.94493116395e+00	4.53324671341e+02
3.94743429287e+00	4.53897977330e+02
3.94993742178e+00	4.54470973901e+02
3.95244055069e+00	4.55043661991e+02
3.95494367960e+00	4.55616042531e+02
3.95744680851e+00	4.56188116451e+02
3.95994993742e+00	4.56759884673e+02
3.96245306633e+00	4.57331348121e+02
3.96495619524e+00	4.57902507711e+02
3.96745932416e+00	4.58473364358e+02
3.96996245307e+00	4.59043918973e+02
3.97246558198e+00	4.59614172463e+02
3.97496871089e+00	4.60184125731e+02
3.97747183980e+00	4.60753779679e+02
3.97997496871e+00	4.61323135202e+02
3.98247809762e+00	4.61892193195e+02
3.98498122653e+00	4.62460954547e+02
3.98748435544e+00	4.63029420144e+02
3.98998748436e+00	4.63597590871e+02
3.99249061327e+00	4.64165467607e+02
3.99499374218e+00	4.64733051228e+02
3.99749687109e+00	4.65300342607e+02
4.00000000000e+00	4.65867342615e+02
