# omega/omega_{WG}     k_parallel [1/micrones], $\epsilon_2$ = 12, d = 20nm, find_zeros_Silica_Eduardo_Eqs_tot.py
2.00100125156e+00	9.47712860497e+01
2.00375469337e+00	9.49182343165e+01
2.00650813517e+00	9.50837310715e+01
2.00926157697e+00	9.52671175184e+01
2.01201501877e+00	9.54677619067e+01
2.01476846058e+00	9.56850578739e+01
2.01752190238e+00	9.59184229555e+01
2.02027534418e+00	9.61672972398e+01
2.02302878598e+00	9.64311421480e+01
2.02578222778e+00	9.67094393246e+01
2.02853566959e+00	9.70016896244e+01
2.03128911139e+00	9.73074121830e+01
2.03404255319e+00	9.76261435618e+01
2.03679599499e+00	9.79574369587e+01
2.03954943680e+00	9.83008614752e+01
2.04230287860e+00	9.86560014366e+01
2.04505632040e+00	9.90224557558e+01
2.04780976220e+00	9.93998373389e+01
2.05056320401e+00	9.97877725268e+01
2.05331664581e+00	1.00185900569e+02
2.05607008761e+00	1.00593873127e+02
2.05882352941e+00	1.01011353805e+02
2.06157697121e+00	1.01438017703e+02
2.06433041302e+00	1.01873550996e+02
2.06708385482e+00	1.02317650524e+02
2.06983729662e+00	1.02770023414e+02
2.07259073842e+00	1.03230386709e+02
2.07534418023e+00	1.03698467014e+02
2.07809762203e+00	1.04174000161e+02
2.08085106383e+00	1.04656730884e+02
2.08360450563e+00	1.05146412509e+02
2.08635794743e+00	1.05642806654e+02
2.08911138924e+00	1.06145682942e+02
2.09186483104e+00	1.06654818725e+02
2.09461827284e+00	1.07169998815e+02
2.09737171464e+00	1.07691015230e+02
2.10012515645e+00	1.08217666944e+02
2.10287859825e+00	1.08749759652e+02
2.10563204005e+00	1.09287105535e+02
2.10838548185e+00	1.09829523038e+02
2.11113892365e+00	1.10376836661e+02
2.11389236546e+00	1.10928876746e+02
2.11664580726e+00	1.11485479278e+02
2.11939924906e+00	1.12046485695e+02
2.12215269086e+00	1.12611742697e+02
2.12490613267e+00	1.13181102072e+02
2.12765957447e+00	1.13754420514e+02
2.13041301627e+00	1.14331559465e+02
2.13316645807e+00	1.14912384943e+02
2.13591989987e+00	1.15496767392e+02
2.13867334168e+00	1.16084581529e+02
2.14142678348e+00	1.16675706198e+02
2.14418022528e+00	1.17270024226e+02
2.14693366708e+00	1.17867422295e+02
2.14968710889e+00	1.18467790799e+02
2.15244055069e+00	1.19071023729e+02
2.15519399249e+00	1.19677018541e+02
2.15794743429e+00	1.20285676042e+02
2.16070087610e+00	1.20896900278e+02
2.16345431790e+00	1.21510598418e+02
2.16620775970e+00	1.22126680652e+02
2.16896120150e+00	1.22745060087e+02
2.17171464330e+00	1.23365652649e+02
2.17446808511e+00	1.23988376984e+02
2.17722152691e+00	1.24613154370e+02
2.17997496871e+00	1.25239908625e+02
2.18272841051e+00	1.25868566022e+02
2.18548185232e+00	1.26499055206e+02
2.18823529412e+00	1.27131307114e+02
2.19098873592e+00	1.27765254896e+02
2.19374217772e+00	1.28400833846e+02
2.19649561952e+00	1.29037981322e+02
2.19924906133e+00	1.29676636681e+02
2.20200250313e+00	1.30316741215e+02
2.20475594493e+00	1.30958238080e+02
2.20750938673e+00	1.31601072237e+02
2.21026282854e+00	1.32245190392e+02
2.21301627034e+00	1.32890540938e+02
2.21576971214e+00	1.33537073896e+02
2.21852315394e+00	1.34184740867e+02
2.22127659574e+00	1.34833494972e+02
2.22403003755e+00	1.35483290808e+02
2.22678347935e+00	1.36134084397e+02
2.22953692115e+00	1.36785833138e+02
2.23229036295e+00	1.37438495764e+02
2.23504380476e+00	1.38092032296e+02
2.23779724656e+00	1.38746404003e+02
2.24055068836e+00	1.39401573360e+02
2.24330413016e+00	1.40057504009e+02
2.24605757196e+00	1.40714160721e+02
2.24881101377e+00	1.41371509358e+02
2.25156445557e+00	1.42029516842e+02
2.25431789737e+00	1.42688151114e+02
2.25707133917e+00	1.43347381110e+02
2.25982478098e+00	1.44007176720e+02
2.26257822278e+00	1.44667508762e+02
2.26533166458e+00	1.45328348953e+02
2.26808510638e+00	1.45989669878e+02
2.27083854819e+00	1.46651444965e+02
2.27359198999e+00	1.47313648456e+02
2.27634543179e+00	1.47976255379e+02
2.27909887359e+00	1.48639241530e+02
2.28185231539e+00	1.49302583443e+02
2.28460575720e+00	1.49966258368e+02
2.28735919900e+00	1.50630244251e+02
2.29011264080e+00	1.51294519707e+02
2.29286608260e+00	1.51959064005e+02
2.29561952441e+00	1.52623857045e+02
2.29837296621e+00	1.53288879336e+02
2.30112640801e+00	1.53954111982e+02
2.30387984981e+00	1.54619536659e+02
2.30663329161e+00	1.55285135602e+02
2.30938673342e+00	1.55950891583e+02
2.31214017522e+00	1.56616787896e+02
2.31489361702e+00	1.57282808344e+02
2.31764705882e+00	1.57948937221e+02
2.32040050063e+00	1.58615159294e+02
2.32315394243e+00	1.59281459796e+02
2.32590738423e+00	1.59947824404e+02
2.32866082603e+00	1.60614239232e+02
2.33141426783e+00	1.61280690813e+02
2.33416770964e+00	1.61947166090e+02
2.33692115144e+00	1.62613652401e+02
2.33967459324e+00	1.63280137467e+02
2.34242803504e+00	1.63946609385e+02
2.34518147685e+00	1.64613056611e+02
2.34793491865e+00	1.65279467952e+02
2.35068836045e+00	1.65945832556e+02
2.35344180225e+00	1.66612139901e+02
2.35619524406e+00	1.67278379787e+02
2.35894868586e+00	1.67944542322e+02
2.36170212766e+00	1.68610617919e+02
2.36445556946e+00	1.69276597281e+02
2.36720901126e+00	1.69942471399e+02
2.36996245307e+00	1.70608231538e+02
2.37271589487e+00	1.71273869230e+02
2.37546933667e+00	1.71939376270e+02
2.37822277847e+00	1.72604744703e+02
2.38097622028e+00	1.73269966823e+02
2.38372966208e+00	1.73935035158e+02
2.38648310388e+00	1.74599942470e+02
2.38923654568e+00	1.75264681745e+02
2.39198998748e+00	1.75929246188e+02
2.39474342929e+00	1.76593629216e+02
2.39749687109e+00	1.77257824450e+02
2.40025031289e+00	1.77921825713e+02
2.40300375469e+00	1.78585627023e+02
2.40575719650e+00	1.79249222584e+02
2.40851063830e+00	1.79912606787e+02
2.41126408010e+00	1.80575774197e+02
2.41401752190e+00	1.81238719557e+02
2.41677096370e+00	1.81901437775e+02
2.41952440551e+00	1.82563923923e+02
2.42227784731e+00	1.83226173234e+02
2.42503128911e+00	1.83888181092e+02
2.42778473091e+00	1.84549943035e+02
2.43053817272e+00	1.85211454744e+02
2.43329161452e+00	1.85872712044e+02
2.43604505632e+00	1.86533710896e+02
2.43879849812e+00	1.87194447397e+02
2.44155193992e+00	1.87854917772e+02
2.44430538173e+00	1.88515118376e+02
2.44705882353e+00	1.89175045684e+02
2.44981226533e+00	1.89834696292e+02
2.45256570713e+00	1.90494066914e+02
2.45531914894e+00	1.91153154374e+02
2.45807259074e+00	1.91811955610e+02
2.46082603254e+00	1.92470467664e+02
2.46357947434e+00	1.93128687683e+02
2.46633291615e+00	1.93786612917e+02
2.46908635795e+00	1.94444240713e+02
2.47183979975e+00	1.95101568513e+02
2.47459324155e+00	1.95758593854e+02
2.47734668335e+00	1.96415314362e+02
2.48010012516e+00	1.97071727754e+02
2.48285356696e+00	1.97727831829e+02
2.48560700876e+00	1.98383624472e+02
2.48836045056e+00	1.99039103648e+02
2.49111389237e+00	1.99694267403e+02
2.49386733417e+00	2.00349113857e+02
2.49662077597e+00	2.01003641206e+02
2.49937421777e+00	2.01657847719e+02
2.50212765957e+00	2.02311731736e+02
2.50488110138e+00	2.02965291664e+02
2.50763454318e+00	2.03618525979e+02
2.51038798498e+00	2.04271433222e+02
2.51314142678e+00	2.04924011996e+02
2.51589486859e+00	2.05576260967e+02
2.51864831039e+00	2.06228178860e+02
2.52140175219e+00	2.06879764460e+02
2.52415519399e+00	2.07531016606e+02
2.52690863579e+00	2.08181934195e+02
2.52966207760e+00	2.08832516176e+02
2.53241551940e+00	2.09482761552e+02
2.53516896120e+00	2.10132669376e+02
2.53792240300e+00	2.10782238750e+02
2.54067584481e+00	2.11431468826e+02
2.54342928661e+00	2.12080358800e+02
2.54618272841e+00	2.12728907917e+02
2.54893617021e+00	2.13377115465e+02
2.55168961202e+00	2.14024980774e+02
2.55444305382e+00	2.14672503218e+02
2.55719649562e+00	2.15319682211e+02
2.55994993742e+00	2.15966517206e+02
2.56270337922e+00	2.16613007698e+02
2.56545682103e+00	2.17259153215e+02
2.56821026283e+00	2.17904953326e+02
2.57096370463e+00	2.18550407633e+02
2.57371714643e+00	2.19195515774e+02
2.57647058824e+00	2.19840277420e+02
2.57922403004e+00	2.20484692276e+02
2.58197747184e+00	2.21128760078e+02
2.58473091364e+00	2.21772480593e+02
2.58748435544e+00	2.22415853619e+02
2.59023779725e+00	2.23058878984e+02
2.59299123905e+00	2.23701556543e+02
2.59574468085e+00	2.24343886180e+02
2.59849812265e+00	2.24985867806e+02
2.60125156446e+00	2.25627501358e+02
2.60400500626e+00	2.26268786799e+02
2.60675844806e+00	2.26909724118e+02
2.60951188986e+00	2.27550313325e+02
2.61226533166e+00	2.28190554458e+02
2.61501877347e+00	2.28830447575e+02
2.61777221527e+00	2.29469992757e+02
2.62052565707e+00	2.30109190106e+02
2.62327909887e+00	2.30748039747e+02
2.62603254068e+00	2.31386541825e+02
2.62878598248e+00	2.32024696503e+02
2.63153942428e+00	2.32662503965e+02
2.63429286608e+00	2.33299964415e+02
2.63704630788e+00	2.33937078072e+02
2.63979974969e+00	2.34573845177e+02
2.64255319149e+00	2.35210265984e+02
2.64530663329e+00	2.35846340768e+02
2.64806007509e+00	2.36482069817e+02
2.65081351690e+00	2.37117453437e+02
2.65356695870e+00	2.37752491948e+02
2.65632040050e+00	2.38387185686e+02
2.65907384230e+00	2.39021535001e+02
2.66182728411e+00	2.39655540257e+02
2.66458072591e+00	2.40289201834e+02
2.66733416771e+00	2.40922520121e+02
2.67008760951e+00	2.41555495524e+02
2.67284105131e+00	2.42188128459e+02
2.67559449312e+00	2.42820419356e+02
2.67834793492e+00	2.43452368655e+02
2.68110137672e+00	2.44083976810e+02
2.68385481852e+00	2.44715244283e+02
2.68660826033e+00	2.45346171550e+02
2.68936170213e+00	2.45976759095e+02
2.69211514393e+00	2.46607007413e+02
2.69486858573e+00	2.47236917010e+02
2.69762202753e+00	2.47866488400e+02
2.70037546934e+00	2.48495722106e+02
2.70312891114e+00	2.49124618662e+02
2.70588235294e+00	2.49753178610e+02
2.70863579474e+00	2.50381402498e+02
2.71138923655e+00	2.51009290886e+02
2.71414267835e+00	2.51636844339e+02
2.71689612015e+00	2.52264063431e+02
2.71964956195e+00	2.52890948743e+02
2.72240300375e+00	2.53517500863e+02
2.72515644556e+00	2.54143720387e+02
2.72790988736e+00	2.54769607916e+02
2.73066332916e+00	2.55395164058e+02
2.73341677096e+00	2.56020389429e+02
2.73617021277e+00	2.56645284649e+02
2.73892365457e+00	2.57269850345e+02
2.74167709637e+00	2.57894087148e+02
2.74443053817e+00	2.58517995696e+02
2.74718397997e+00	2.59141576632e+02
2.74993742178e+00	2.59764830604e+02
2.75269086358e+00	2.60387758265e+02
2.75544430538e+00	2.61010360272e+02
2.75819774718e+00	2.61632637287e+02
2.76095118899e+00	2.62254589976e+02
2.76370463079e+00	2.62876219010e+02
2.76645807259e+00	2.63497525064e+02
2.76921151439e+00	2.64118508815e+02
2.77196495620e+00	2.64739170947e+02
2.77471839800e+00	2.65359512145e+02
2.77747183980e+00	2.65979533097e+02
2.78022528160e+00	2.66599234497e+02
2.78297872340e+00	2.67218617039e+02
2.78573216521e+00	2.67837681423e+02
2.78848560701e+00	2.68456428350e+02
2.79123904881e+00	2.69074858524e+02
2.79399249061e+00	2.69692972652e+02
2.79674593242e+00	2.70310771443e+02
2.79949937422e+00	2.70928255608e+02
2.80225281602e+00	2.71545425862e+02
2.80500625782e+00	2.72162282920e+02
2.80775969962e+00	2.72778827502e+02
2.81051314143e+00	2.73395060326e+02
2.81326658323e+00	2.74010982115e+02
2.81602002503e+00	2.74626593591e+02
2.81877346683e+00	2.75241895481e+02
2.82152690864e+00	2.75856888511e+02
2.82428035044e+00	2.76471573409e+02
2.82703379224e+00	2.77085950904e+02
2.82978723404e+00	2.77700021727e+02
2.83254067584e+00	2.78313786610e+02
2.83529411765e+00	2.78927246285e+02
2.83804755945e+00	2.79540401488e+02
2.84080100125e+00	2.80153252951e+02
2.84355444305e+00	2.80765801411e+02
2.84630788486e+00	2.81378047604e+02
2.84906132666e+00	2.81989992268e+02
2.85181476846e+00	2.82601636139e+02
2.85456821026e+00	2.83212979955e+02
2.85732165207e+00	2.83824024456e+02
2.86007509387e+00	2.84434770379e+02
2.86282853567e+00	2.85045218465e+02
2.86558197747e+00	2.85655369453e+02
2.86833541927e+00	2.86265224081e+02
2.87108886108e+00	2.86874783091e+02
2.87384230288e+00	2.87484047221e+02
2.87659574468e+00	2.88093017212e+02
2.87934918648e+00	2.88701693803e+02
2.88210262829e+00	2.89310077734e+02
2.88485607009e+00	2.89918169744e+02
2.88760951189e+00	2.90525970572e+02
2.89036295369e+00	2.91133480958e+02
2.89311639549e+00	2.91740701641e+02
2.89586983730e+00	2.92347633357e+02
2.89862327910e+00	2.92954276846e+02
2.90137672090e+00	2.93560632844e+02
2.90413016270e+00	2.94166702089e+02
2.90688360451e+00	2.94772485317e+02
2.90963704631e+00	2.95377983263e+02
2.91239048811e+00	2.95983196663e+02
2.91514392991e+00	2.96588126251e+02
2.91789737171e+00	2.97192772760e+02
2.92065081352e+00	2.97797136924e+02
2.92340425532e+00	2.98401219475e+02
2.92615769712e+00	2.99005021143e+02
2.92891113892e+00	2.99608542661e+02
2.93166458073e+00	3.00211784756e+02
2.93441802253e+00	3.00814748158e+02
2.93717146433e+00	3.01417433594e+02
2.93992490613e+00	3.02019841791e+02
2.94267834793e+00	3.02621973475e+02
2.94543178974e+00	3.03223829369e+02
2.94818523154e+00	3.03825410199e+02
2.95093867334e+00	3.04426716685e+02
2.95369211514e+00	3.05027749549e+02
2.95644555695e+00	3.05628509512e+02
2.95919899875e+00	3.06228997291e+02
2.96195244055e+00	3.06829213606e+02
2.96470588235e+00	3.07429159171e+02
2.96745932416e+00	3.08028834703e+02
2.97021276596e+00	3.08628240914e+02
2.97296620776e+00	3.09227378518e+02
2.97571964956e+00	3.09826248227e+02
2.97847309136e+00	3.10424850748e+02
2.98122653317e+00	3.11023186792e+02
2.98397997497e+00	3.11621257065e+02
2.98673341677e+00	3.12219062273e+02
2.98948685857e+00	3.12816603119e+02
2.99224030038e+00	3.13413880308e+02
2.99499374218e+00	3.14010894540e+02
2.99774718398e+00	3.14607646514e+02
3.00050062578e+00	3.15204136930e+02
3.00325406758e+00	3.15800366484e+02
3.00600750939e+00	3.16396335872e+02
3.00876095119e+00	3.16992045786e+02
3.01151439299e+00	3.17587496920e+02
3.01426783479e+00	3.18182689964e+02
3.01702127660e+00	3.18777625606e+02
3.01977471840e+00	3.19372304535e+02
3.02252816020e+00	3.19966727437e+02
3.02528160200e+00	3.20560894994e+02
3.02803504380e+00	3.21154807891e+02
3.03078848561e+00	3.21748466807e+02
3.03354192741e+00	3.22341872423e+02
3.03629536921e+00	3.22935025415e+02
3.03904881101e+00	3.23527926460e+02
3.04180225282e+00	3.24120576231e+02
3.04455569462e+00	3.24712975402e+02
3.04730913642e+00	3.25305124644e+02
3.05006257822e+00	3.25897024624e+02
3.05281602003e+00	3.26488676012e+02
3.05556946183e+00	3.27080079472e+02
3.05832290363e+00	3.27671235668e+02
3.06107634543e+00	3.28262145263e+02
3.06382978723e+00	3.28852808918e+02
3.06658322904e+00	3.29443227290e+02
3.06933667084e+00	3.30033401036e+02
3.07209011264e+00	3.30623330813e+02
3.07484355444e+00	3.31213017273e+02
3.07759699625e+00	3.31802461069e+02
3.08035043805e+00	3.32391662849e+02
3.08310387985e+00	3.32980623262e+02
3.08585732165e+00	3.33569342955e+02
3.08861076345e+00	3.34157822571e+02
3.09136420526e+00	3.34746062754e+02
3.09411764706e+00	3.35334064145e+02
3.09687108886e+00	3.35921827382e+02
3.09962453066e+00	3.36509353102e+02
3.10237797247e+00	3.37096641943e+02
3.10513141427e+00	3.37683694536e+02
3.10788485607e+00	3.38270511514e+02
3.11063829787e+00	3.38857093507e+02
3.11339173967e+00	3.39443441143e+02
3.11614518148e+00	3.40029555049e+02
3.11889862328e+00	3.40615435849e+02
3.12165206508e+00	3.41201084166e+02
3.12440550688e+00	3.41786500621e+02
3.12715894869e+00	3.42371685833e+02
3.12991239049e+00	3.42956640419e+02
3.13266583229e+00	3.43541364995e+02
3.13541927409e+00	3.44125860174e+02
3.13817271589e+00	3.44710126568e+02
3.14092615770e+00	3.45294164788e+02
3.14367959950e+00	3.45877975441e+02
3.14643304130e+00	3.46461559133e+02
3.14918648310e+00	3.47044916470e+02
3.15193992491e+00	3.47628048053e+02
3.15469336671e+00	3.48210954484e+02
3.15744680851e+00	3.48793636362e+02
3.16020025031e+00	3.49376094284e+02
3.16295369212e+00	3.49958328844e+02
3.16570713392e+00	3.50540340638e+02
3.16846057572e+00	3.51122130256e+02
3.17121401752e+00	3.51703698288e+02
3.17396745932e+00	3.52285045322e+02
3.17672090113e+00	3.52866171946e+02
3.17947434293e+00	3.53447078742e+02
3.18222778473e+00	3.54027766294e+02
3.18498122653e+00	3.54608235183e+02
3.18773466834e+00	3.55188485987e+02
3.19048811014e+00	3.55768519284e+02
3.19324155194e+00	3.56348335649e+02
3.19599499374e+00	3.56927935655e+02
3.19874843554e+00	3.57507319876e+02
3.20150187735e+00	3.58086488879e+02
3.20425531915e+00	3.58665443235e+02
3.20700876095e+00	3.59244183508e+02
3.20976220275e+00	3.59822710264e+02
3.21251564456e+00	3.60401024066e+02
3.21526908636e+00	3.60979125474e+02
3.21802252816e+00	3.61557015048e+02
3.22077596996e+00	3.62134693345e+02
3.22352941176e+00	3.62712160921e+02
3.22628285357e+00	3.63289418329e+02
3.22903629537e+00	3.63866466123e+02
3.23178973717e+00	3.64443304852e+02
3.23454317897e+00	3.65019935065e+02
3.23729662078e+00	3.65596357308e+02
3.24005006258e+00	3.66172572128e+02
3.24280350438e+00	3.66748580067e+02
3.24555694618e+00	3.67324381666e+02
3.24831038798e+00	3.67899977466e+02
3.25106382979e+00	3.68475368005e+02
3.25381727159e+00	3.69050553820e+02
3.25657071339e+00	3.69625535444e+02
3.25932415519e+00	3.70200313410e+02
3.26207759700e+00	3.70774888251e+02
3.26483103880e+00	3.71349260495e+02
3.26758448060e+00	3.71923430670e+02
3.27033792240e+00	3.72497399302e+02
3.27309136421e+00	3.73071166915e+02
3.27584480601e+00	3.73644734033e+02
3.27859824781e+00	3.74218101175e+02
3.28135168961e+00	3.74791268862e+02
3.28410513141e+00	3.75364237610e+02
3.28685857322e+00	3.75937007936e+02
3.28961201502e+00	3.76509580353e+02
3.29236545682e+00	3.77081955375e+02
3.29511889862e+00	3.77654133511e+02
3.29787234043e+00	3.78226115272e+02
3.30062578223e+00	3.78797901163e+02
3.30337922403e+00	3.79369491693e+02
3.30613266583e+00	3.79940887363e+02
3.30888610763e+00	3.80512088677e+02
3.31163954944e+00	3.81083096136e+02
3.31439299124e+00	3.81653910239e+02
3.31714643304e+00	3.82224531483e+02
3.31989987484e+00	3.82794960364e+02
3.32265331665e+00	3.83365197377e+02
3.32540675845e+00	3.83935243015e+02
3.32816020025e+00	3.84505097767e+02
3.33091364205e+00	3.85074762124e+02
3.33366708385e+00	3.85644236574e+02
3.33642052566e+00	3.86213521602e+02
3.33917396746e+00	3.86782617694e+02
3.34192740926e+00	3.87351525332e+02
3.34468085106e+00	3.87920244998e+02
3.34743429287e+00	3.88488777171e+02
3.35018773467e+00	3.89057122330e+02
3.35294117647e+00	3.89625280951e+02
3.35569461827e+00	3.90193253510e+02
3.35844806008e+00	3.90761040480e+02
3.36120150188e+00	3.91328642332e+02
3.36395494368e+00	3.91896059539e+02
3.36670838548e+00	3.92463292567e+02
3.36946182728e+00	3.93030341885e+02
3.37221526909e+00	3.93597207958e+02
3.37496871089e+00	3.94163891250e+02
3.37772215269e+00	3.94730392225e+02
3.38047559449e+00	3.95296711343e+02
3.38322903630e+00	3.95862849064e+02
3.38598247810e+00	3.96428805846e+02
3.38873591990e+00	3.96994582146e+02
3.39148936170e+00	3.97560178419e+02
3.39424280350e+00	3.98125595117e+02
3.39699624531e+00	3.98690832695e+02
3.39974968711e+00	3.99255891601e+02
3.40250312891e+00	3.99820772285e+02
3.40525657071e+00	4.00385475195e+02
3.40801001252e+00	4.00950000777e+02
3.41076345432e+00	4.01514349475e+02
3.41351689612e+00	4.02078521733e+02
3.41627033792e+00	4.02642517992e+02
3.41902377972e+00	4.03206338694e+02
3.42177722153e+00	4.03769984275e+02
3.42453066333e+00	4.04333455175e+02
3.42728410513e+00	4.04896751828e+02
3.43003754693e+00	4.05459874670e+02
3.43279098874e+00	4.06022824133e+02
3.43554443054e+00	4.06585600649e+02
3.43829787234e+00	4.07148204648e+02
3.44105131414e+00	4.07710636559e+02
3.44380475594e+00	4.08272896810e+02
3.44655819775e+00	4.08834985825e+02
3.44931163955e+00	4.09396904031e+02
3.45206508135e+00	4.09958651849e+02
3.45481852315e+00	4.10520229702e+02
3.45757196496e+00	4.11081638010e+02
3.46032540676e+00	4.11642877192e+02
3.46307884856e+00	4.12203947666e+02
3.46583229036e+00	4.12764849847e+02
3.46858573217e+00	4.13325584151e+02
3.47133917397e+00	4.13886150992e+02
3.47409261577e+00	4.14446550780e+02
3.47684605757e+00	4.15006783928e+02
3.47959949937e+00	4.15566850844e+02
3.48235294118e+00	4.16126751936e+02
3.48510638298e+00	4.16686487612e+02
3.48785982478e+00	4.17246058277e+02
3.49061326658e+00	4.17805464334e+02
3.49336670839e+00	4.18364706187e+02
3.49612015019e+00	4.18923784236e+02
3.49887359199e+00	4.19482698883e+02
3.50162703379e+00	4.20041450525e+02
3.50438047559e+00	4.20600039560e+02
3.50713391740e+00	4.21158466384e+02
3.50988735920e+00	4.21716731393e+02
3.51264080100e+00	4.22274834980e+02
3.51539424280e+00	4.22832777536e+02
3.51814768461e+00	4.23390559454e+02
3.52090112641e+00	4.23948181123e+02
3.52365456821e+00	4.24505642930e+02
3.52640801001e+00	4.25062945265e+02
3.52916145181e+00	4.25620088511e+02
3.53191489362e+00	4.26177073054e+02
3.53466833542e+00	4.26733899278e+02
3.53742177722e+00	4.27290567565e+02
3.54017521902e+00	4.27847078294e+02
3.54292866083e+00	4.28403431847e+02
3.54568210263e+00	4.28959628601e+02
3.54843554443e+00	4.29515668934e+02
3.55118898623e+00	4.30071553221e+02
3.55394242804e+00	4.30627281838e+02
3.55669586984e+00	4.31182855158e+02
3.55944931164e+00	4.31738273553e+02
3.56220275344e+00	4.32293537394e+02
3.56495619524e+00	4.32848647051e+02
3.56770963705e+00	4.33403602893e+02
3.57046307885e+00	4.33958405287e+02
3.57321652065e+00	4.34513054599e+02
3.57596996245e+00	4.35067551196e+02
3.57872340426e+00	4.35621895439e+02
3.58147684606e+00	4.36176087694e+02
3.58423028786e+00	4.36730128320e+02
3.58698372966e+00	4.37284017678e+02
3.58973717146e+00	4.37837756127e+02
3.59249061327e+00	4.38391344027e+02
3.59524405507e+00	4.38944781732e+02
3.59799749687e+00	4.39498069600e+02
3.60075093867e+00	4.40051207985e+02
3.60350438048e+00	4.40604197240e+02
3.60625782228e+00	4.41157037717e+02
3.60901126408e+00	4.41709729768e+02
3.61176470588e+00	4.42262273744e+02
3.61451814768e+00	4.42814669991e+02
3.61727158949e+00	4.43366918860e+02
3.62002503129e+00	4.43919020695e+02
3.62277847309e+00	4.44470975844e+02
3.62553191489e+00	4.45022784650e+02
3.62828535670e+00	4.45574447456e+02
3.63103879850e+00	4.46125964605e+02
3.63379224030e+00	4.46677336438e+02
3.63654568210e+00	4.47228563296e+02
3.63929912390e+00	4.47779645516e+02
3.64205256571e+00	4.48330583438e+02
3.64480600751e+00	4.48881377397e+02
3.64755944931e+00	4.49432027730e+02
3.65031289111e+00	4.49982534771e+02
3.65306633292e+00	4.50532898853e+02
3.65581977472e+00	4.51083120310e+02
3.65857321652e+00	4.51633199473e+02
3.66132665832e+00	4.52183136672e+02
3.66408010013e+00	4.52732932236e+02
3.66683354193e+00	4.53282586495e+02
3.66958698373e+00	4.53832099774e+02
3.67234042553e+00	4.54381472400e+02
3.67509386733e+00	4.54930704700e+02
3.67784730914e+00	4.55479796995e+02
3.68060075094e+00	4.56028749611e+02
3.68335419274e+00	4.56577562868e+02
3.68610763454e+00	4.57126237089e+02
3.68886107635e+00	4.57674772592e+02
3.69161451815e+00	4.58223169698e+02
3.69436795995e+00	4.58771428723e+02
3.69712140175e+00	4.59319549986e+02
3.69987484355e+00	4.59867533802e+02
3.70262828536e+00	4.60415380486e+02
3.70538172716e+00	4.60963090352e+02
3.70813516896e+00	4.61510663714e+02
3.71088861076e+00	4.62058100883e+02
3.71364205257e+00	4.62605402170e+02
3.71639549437e+00	4.63152567886e+02
3.71914893617e+00	4.63699598340e+02
3.72190237797e+00	4.64246493839e+02
3.72465581977e+00	4.64793254692e+02
3.72740926158e+00	4.65339881203e+02
3.73016270338e+00	4.65886373679e+02
3.73291614518e+00	4.66432732424e+02
3.73566958698e+00	4.66978957742e+02
3.73842302879e+00	4.67525049933e+02
3.74117647059e+00	4.68071009301e+02
3.74392991239e+00	4.68616836145e+02
3.74668335419e+00	4.69162530765e+02
3.74943679599e+00	4.69708093460e+02
3.75219023780e+00	4.70253524528e+02
3.75494367960e+00	4.70798824264e+02
3.75769712140e+00	4.71343992966e+02
3.76045056320e+00	4.71889030928e+02
3.76320400501e+00	4.72433938444e+02
3.76595744681e+00	4.72978715807e+02
3.76871088861e+00	4.73523363309e+02
3.77146433041e+00	4.74067881242e+02
3.77421777222e+00	4.74612269896e+02
3.77697121402e+00	4.75156529561e+02
3.77972465582e+00	4.75700660524e+02
3.78247809762e+00	4.76244663074e+02
3.78523153942e+00	4.76788537498e+02
3.78798498123e+00	4.77332284082e+02
3.79073842303e+00	4.77875903110e+02
3.79349186483e+00	4.78419394866e+02
3.79624530663e+00	4.78962759635e+02
3.79899874844e+00	4.79505997697e+02
3.80175219024e+00	4.80049109336e+02
3.80450563204e+00	4.80592094831e+02
3.80725907384e+00	4.81134954463e+02
3.81001251564e+00	4.81677688510e+02
3.81276595745e+00	4.82220297250e+02
3.81551939925e+00	4.82762780961e+02
3.81827284105e+00	4.83305139919e+02
3.82102628285e+00	4.83847374400e+02
3.82377972466e+00	4.84389484677e+02
3.82653316646e+00	4.84931471026e+02
3.82928660826e+00	4.85473333719e+02
3.83204005006e+00	4.86015073028e+02
3.83479349186e+00	4.86556689225e+02
3.83754693367e+00	4.87098182580e+02
3.84030037547e+00	4.87639553363e+02
3.84305381727e+00	4.88180801842e+02
3.84580725907e+00	4.88721928286e+02
3.84856070088e+00	4.89262932963e+02
3.85131414268e+00	4.89803816137e+02
3.85406758448e+00	4.90344578076e+02
3.85682102628e+00	4.90885219044e+02
3.85957446809e+00	4.91425739304e+02
3.86232790989e+00	4.91966139121e+02
3.86508135169e+00	4.92506418756e+02
3.86783479349e+00	4.93046578471e+02
3.87058823529e+00	4.93586618527e+02
3.87334167710e+00	4.94126539184e+02
3.87609511890e+00	4.94666340701e+02
3.87884856070e+00	4.95206023337e+02
3.88160200250e+00	4.95745587350e+02
3.88435544431e+00	4.96285032995e+02
3.88710888611e+00	4.96824360531e+02
3.88986232791e+00	4.97363570210e+02
3.89261576971e+00	4.97902662290e+02
3.89536921151e+00	4.98441637022e+02
3.89812265332e+00	4.98980494661e+02
3.90087609512e+00	4.99519235459e+02
3.90362953692e+00	5.00057859667e+02
3.90638297872e+00	5.00596367535e+02
3.90913642053e+00	5.01134759315e+02
3.91188986233e+00	5.01673035255e+02
3.91464330413e+00	5.02211195604e+02
3.91739674593e+00	5.02749240610e+02
3.92015018773e+00	5.03287170520e+02
3.92290362954e+00	5.03824985580e+02
3.92565707134e+00	5.04362686035e+02
3.92841051314e+00	5.04900272132e+02
3.93116395494e+00	5.05437744113e+02
3.93391739675e+00	5.05975102222e+02
3.93667083855e+00	5.06512346702e+02
3.93942428035e+00	5.07049477795e+02
3.94217772215e+00	5.07586495743e+02
3.94493116395e+00	5.08123400785e+02
3.94768460576e+00	5.08660193162e+02
3.95043804756e+00	5.09196873112e+02
3.95319148936e+00	5.09733440874e+02
3.95594493116e+00	5.10269896687e+02
3.95869837297e+00	5.10806240786e+02
3.96145181477e+00	5.11342473408e+02
3.96420525657e+00	5.11878594789e+02
3.96695869837e+00	5.12414605164e+02
3.96971214018e+00	5.12950504767e+02
3.97246558198e+00	5.13486293831e+02
3.97521902378e+00	5.14021972589e+02
3.97797246558e+00	5.14557541274e+02
3.98072590738e+00	5.15093000117e+02
3.98347934919e+00	5.15628349349e+02
3.98623279099e+00	5.16163589200e+02
3.98898623279e+00	5.16698719899e+02
3.99173967459e+00	5.17233741676e+02
3.99449311640e+00	5.17768654757e+02
3.99724655820e+00	5.18303459372e+02
4.00000000000e+00	5.18838155746e+02
