# omega/omega_{WG}     k_parallel [1/micrones], $\epsilon_2$ = 12, d = 20nm, find_zeros_Silica_Eduardo_Eqs_tot.py
1.00130162703e+00	4.74240248309e+01
1.00506883605e+00	4.76177466336e+01
1.00883604506e+00	4.78292899275e+01
1.01260325407e+00	4.80583265483e+01
1.01637046308e+00	4.83045164415e+01
1.02013767209e+00	4.85675091368e+01
1.02390488110e+00	4.88469452119e+01
1.02767209011e+00	4.91424577297e+01
1.03143929912e+00	4.94536736413e+01
1.03520650814e+00	4.97802151412e+01
1.03897371715e+00	5.01217009690e+01
1.04274092616e+00	5.04777476490e+01
1.04650813517e+00	5.08479706620e+01
1.05027534418e+00	5.12319855459e+01
1.05404255319e+00	5.16294089205e+01
1.05780976220e+00	5.20398594365e+01
1.06157697121e+00	5.24629586455e+01
1.06534418023e+00	5.28983317936e+01
1.06911138924e+00	5.33456085374e+01
1.07287859825e+00	5.38044235857e+01
1.07664580726e+00	5.42744172687e+01
1.08041301627e+00	5.47552360367e+01
1.08418022528e+00	5.52465328930e+01
1.08794743429e+00	5.57479677636e+01
1.09171464330e+00	5.62592078071e+01
1.09548185232e+00	5.67799276702e+01
1.09924906133e+00	5.73098096910e+01
1.10301627034e+00	5.78485440549e+01
1.10678347935e+00	5.83958289073e+01
1.11055068836e+00	5.89513704261e+01
1.11431789737e+00	5.95148828585e+01
1.11808510638e+00	6.00860885253e+01
1.12185231539e+00	6.06647177956e+01
1.12561952441e+00	6.12505090368e+01
1.12938673342e+00	6.18432085402e+01
1.13315394243e+00	6.24425704279e+01
1.13692115144e+00	6.30483565416e+01
1.14068836045e+00	6.36603363170e+01
1.14445556946e+00	6.42782866443e+01
1.14822277847e+00	6.49019917199e+01
1.15198998748e+00	6.55312428872e+01
1.15575719650e+00	6.61658384721e+01
1.15952440551e+00	6.68055836117e+01
1.16329161452e+00	6.74502900792e+01
1.16705882353e+00	6.80997761059e+01
1.17082603254e+00	6.87538662014e+01
1.17459324155e+00	6.94123909723e+01
1.17836045056e+00	7.00751869415e+01
1.18212765957e+00	7.07420963679e+01
1.18589486859e+00	7.14129670673e+01
1.18966207760e+00	7.20876522356e+01
1.19342928661e+00	7.27660102739e+01
1.19719649562e+00	7.34479046166e+01
1.20096370463e+00	7.41332035629e+01
1.20473091364e+00	7.48217801113e+01
1.20849812265e+00	7.55135117979e+01
1.21226533166e+00	7.62082805388e+01
1.21603254068e+00	7.69059724762e+01
1.21979974969e+00	7.76064778284e+01
1.22356695870e+00	7.83096907447e+01
1.22733416771e+00	7.90155091638e+01
1.23110137672e+00	7.97238346766e+01
1.23486858573e+00	8.04345723939e+01
1.23863579474e+00	8.11476308169e+01
1.24240300375e+00	8.18629217137e+01
1.24617021277e+00	8.25803599984e+01
1.24993742178e+00	8.32998636149e+01
1.25370463079e+00	8.40213534251e+01
1.25747183980e+00	8.47447531000e+01
1.26123904881e+00	8.54699890161e+01
1.26500625782e+00	8.61969901537e+01
1.26877346683e+00	8.69256880005e+01
1.27254067584e+00	8.76560164582e+01
1.27630788486e+00	8.83879117520e+01
1.28007509387e+00	8.91213123442e+01
1.28384230288e+00	8.98561588510e+01
1.28760951189e+00	9.05923939618e+01
1.29137672090e+00	9.13299623622e+01
1.29514392991e+00	9.20688106597e+01
1.29891113892e+00	9.28088873123e+01
1.30267834793e+00	9.35501425599e+01
1.30644555695e+00	9.42925283580e+01
1.31021276596e+00	9.50359983145e+01
1.31397997497e+00	9.57805076285e+01
1.31774718398e+00	9.65260130318e+01
1.32151439299e+00	9.72724727324e+01
1.32528160200e+00	9.80198463604e+01
1.32904881101e+00	9.87680949157e+01
1.33281602003e+00	9.95171807186e+01
1.33658322904e+00	1.00267067361e+02
1.34035043805e+00	1.01017719660e+02
1.34411764706e+00	1.01769103615e+02
1.34788485607e+00	1.02521186364e+02
1.35165206508e+00	1.03273936141e+02
1.35541927409e+00	1.04027322239e+02
1.35918648310e+00	1.04781314973e+02
1.36295369212e+00	1.05535885639e+02
1.36672090113e+00	1.06291006482e+02
1.37048811014e+00	1.07046650666e+02
1.37425531915e+00	1.07802792232e+02
1.37802252816e+00	1.08559406077e+02
1.38178973717e+00	1.09316467919e+02
1.38555694618e+00	1.10073954267e+02
1.38932415519e+00	1.10831842398e+02
1.39309136421e+00	1.11590110325e+02
1.39685857322e+00	1.12348736776e+02
1.40062578223e+00	1.13107701167e+02
1.40439299124e+00	1.13866983578e+02
1.40816020025e+00	1.14626564733e+02
1.41192740926e+00	1.15386425973e+02
1.41569461827e+00	1.16146549241e+02
1.41946182728e+00	1.16906917056e+02
1.42322903630e+00	1.17667512498e+02
1.42699624531e+00	1.18428319185e+02
1.43076345432e+00	1.19189321260e+02
1.43453066333e+00	1.19950503369e+02
1.43829787234e+00	1.20711850645e+02
1.44206508135e+00	1.21473348693e+02
1.44583229036e+00	1.22234983575e+02
1.44959949937e+00	1.22996741792e+02
1.45336670839e+00	1.23758610275e+02
1.45713391740e+00	1.24520576362e+02
1.46090112641e+00	1.25282627796e+02
1.46466833542e+00	1.26044752700e+02
1.46843554443e+00	1.26806939576e+02
1.47220275344e+00	1.27569177285e+02
1.47596996245e+00	1.28331455036e+02
1.47973717146e+00	1.29093762379e+02
1.48350438048e+00	1.29856089192e+02
1.48727158949e+00	1.30618425670e+02
1.49103879850e+00	1.31380762313e+02
1.49480600751e+00	1.32143089921e+02
1.49857321652e+00	1.32905399582e+02
1.50234042553e+00	1.33667682661e+02
1.50610763454e+00	1.34429930797e+02
1.50987484355e+00	1.35192135888e+02
1.51364205257e+00	1.35954290087e+02
1.51740926158e+00	1.36716385792e+02
1.52117647059e+00	1.37478415640e+02
1.52494367960e+00	1.38240372499e+02
1.52871088861e+00	1.39002249460e+02
1.53247809762e+00	1.39764039833e+02
1.53624530663e+00	1.40525737136e+02
1.54001251564e+00	1.41287335093e+02
1.54377972466e+00	1.42048827624e+02
1.54754693367e+00	1.42810208843e+02
1.55131414268e+00	1.43571473047e+02
1.55508135169e+00	1.44332614717e+02
1.55884856070e+00	1.45093628507e+02
1.56261576971e+00	1.45854509241e+02
1.56638297872e+00	1.46615251908e+02
1.57015018773e+00	1.47375851656e+02
1.57391739675e+00	1.48136303790e+02
1.57768460576e+00	1.48896603764e+02
1.58145181477e+00	1.49656747179e+02
1.58521902378e+00	1.50416729777e+02
1.58898623279e+00	1.51176547439e+02
1.59275344180e+00	1.51936196177e+02
1.59652065081e+00	1.52695672137e+02
1.60028785982e+00	1.53454971586e+02
1.60405506884e+00	1.54214090918e+02
1.60782227785e+00	1.54973026642e+02
1.61158948686e+00	1.55731775385e+02
1.61535669587e+00	1.56490333885e+02
1.61912390488e+00	1.57248698990e+02
1.62289111389e+00	1.58006867650e+02
1.62665832290e+00	1.58764836923e+02
1.63042553191e+00	1.59522603964e+02
1.63419274093e+00	1.60280166023e+02
1.63795994994e+00	1.61037520449e+02
1.64172715895e+00	1.61794664678e+02
1.64549436796e+00	1.62551596237e+02
1.64926157697e+00	1.63308312740e+02
1.65302878598e+00	1.64064811884e+02
1.65679599499e+00	1.64821091448e+02
1.66056320401e+00	1.65577149289e+02
1.66433041302e+00	1.66332983344e+02
1.66809762203e+00	1.67088591624e+02
1.67186483104e+00	1.67843972210e+02
1.67563204005e+00	1.68599123257e+02
1.67939924906e+00	1.69354042989e+02
1.68316645807e+00	1.70108729696e+02
1.68693366708e+00	1.70863181732e+02
1.69070087610e+00	1.71617397516e+02
1.69446808511e+00	1.72371375529e+02
1.69823529412e+00	1.73125114310e+02
1.70200250313e+00	1.73878612459e+02
1.70576971214e+00	1.74631868629e+02
1.70953692115e+00	1.75384881531e+02
1.71330413016e+00	1.76137649928e+02
1.71707133917e+00	1.76890172638e+02
1.72083854819e+00	1.77642448525e+02
1.72460575720e+00	1.78394476505e+02
1.72837296621e+00	1.79146255544e+02
1.73214017522e+00	1.79897784651e+02
1.73590738423e+00	1.80649062881e+02
1.73967459324e+00	1.81400089336e+02
1.74344180225e+00	1.82150863159e+02
1.74720901126e+00	1.82901383533e+02
1.75097622028e+00	1.83651649685e+02
1.75474342929e+00	1.84401660879e+02
1.75851063830e+00	1.85151416420e+02
1.76227784731e+00	1.85900915649e+02
1.76604505632e+00	1.86650157942e+02
1.76981226533e+00	1.87399142714e+02
1.77357947434e+00	1.88147869410e+02
1.77734668335e+00	1.88896337514e+02
1.78111389237e+00	1.89644546538e+02
1.78488110138e+00	1.90392496027e+02
1.78864831039e+00	1.91140185559e+02
1.79241551940e+00	1.91887614740e+02
1.79618272841e+00	1.92634783205e+02
1.79994993742e+00	1.93381690619e+02
1.80371714643e+00	1.94128336675e+02
1.80748435544e+00	1.94874721091e+02
1.81125156446e+00	1.95620843612e+02
1.81501877347e+00	1.96366704010e+02
1.81878598248e+00	1.97112302080e+02
1.82255319149e+00	1.97857637642e+02
1.82632040050e+00	1.98602710539e+02
1.83008760951e+00	1.99347520637e+02
1.83385481852e+00	2.00092067826e+02
1.83762202753e+00	2.00836352016e+02
1.84138923655e+00	2.01580373137e+02
1.84515644556e+00	2.02324131142e+02
1.84892365457e+00	2.03067626003e+02
1.85269086358e+00	2.03810857710e+02
1.85645807259e+00	2.04553826274e+02
1.86022528160e+00	2.05296531723e+02
1.86399249061e+00	2.06038974104e+02
1.86775969962e+00	2.06781153480e+02
1.87152690864e+00	2.07523069931e+02
1.87529411765e+00	2.08264723556e+02
1.87906132666e+00	2.09006114466e+02
1.88282853567e+00	2.09747242791e+02
1.88659574468e+00	2.10488108674e+02
1.89036295369e+00	2.11228712274e+02
1.89413016270e+00	2.11969053763e+02
1.89789737171e+00	2.12709133327e+02
1.90166458073e+00	2.13448951168e+02
1.90543178974e+00	2.14188507498e+02
1.90919899875e+00	2.14927802542e+02
1.91296620776e+00	2.15666836541e+02
1.91673341677e+00	2.16405609743e+02
1.92050062578e+00	2.17144122411e+02
1.92426783479e+00	2.17882374819e+02
1.92803504380e+00	2.18620367252e+02
1.93180225282e+00	2.19358100004e+02
1.93556946183e+00	2.20095573381e+02
1.93933667084e+00	2.20832787700e+02
1.94310387985e+00	2.21569743286e+02
1.94687108886e+00	2.22306440475e+02
1.95063829787e+00	2.23042879611e+02
1.95440550688e+00	2.23779061048e+02
1.95817271589e+00	2.24514985148e+02
1.96193992491e+00	2.25250652283e+02
1.96570713392e+00	2.25986062831e+02
1.96947434293e+00	2.26721217180e+02
1.97324155194e+00	2.27456115724e+02
1.97700876095e+00	2.28190758866e+02
1.98077596996e+00	2.28925147015e+02
1.98454317897e+00	2.29659280589e+02
1.98831038798e+00	2.30393160012e+02
1.99207759700e+00	2.31126785712e+02
1.99584480601e+00	2.31860158128e+02
1.99961201502e+00	2.32593277702e+02
2.00337922403e+00	2.33326144884e+02
2.00714643304e+00	2.34058760128e+02
2.01091364205e+00	2.34791123894e+02
2.01468085106e+00	2.35523236649e+02
2.01844806008e+00	2.36255098865e+02
2.02221526909e+00	2.36986711017e+02
2.02598247810e+00	2.37718073588e+02
2.02974968711e+00	2.38449187063e+02
2.03351689612e+00	2.39180051933e+02
2.03728410513e+00	2.39910668695e+02
2.04105131414e+00	2.40641037847e+02
2.04481852315e+00	2.41371159893e+02
2.04858573217e+00	2.42101035343e+02
2.05235294118e+00	2.42830664706e+02
2.05612015019e+00	2.43560048500e+02
2.05988735920e+00	2.44289187242e+02
2.06365456821e+00	2.45018081457e+02
2.06742177722e+00	2.45746731670e+02
2.07118898623e+00	2.46475138411e+02
2.07495619524e+00	2.47203302211e+02
2.07872340426e+00	2.47931223607e+02
2.08249061327e+00	2.48658903136e+02
2.08625782228e+00	2.49386341341e+02
2.09002503129e+00	2.50113538763e+02
2.09379224030e+00	2.50840495951e+02
2.09755944931e+00	2.51567213451e+02
2.10132665832e+00	2.52293691817e+02
2.10509386733e+00	2.53019931600e+02
2.10886107635e+00	2.53745933356e+02
2.11262828536e+00	2.54471697643e+02
2.11639549437e+00	2.55197225020e+02
2.12016270338e+00	2.55922516048e+02
2.12392991239e+00	2.56647571291e+02
2.12769712140e+00	2.57372391312e+02
2.13146433041e+00	2.58096976679e+02
2.13523153942e+00	2.58821327959e+02
2.13899874844e+00	2.59545445721e+02
2.14276595745e+00	2.60269330535e+02
2.14653316646e+00	2.60992982975e+02
2.15030037547e+00	2.61716403611e+02
2.15406758448e+00	2.62439593020e+02
2.15783479349e+00	2.63162551776e+02
2.16160200250e+00	2.63885280455e+02
2.16536921151e+00	2.64607779634e+02
2.16913642053e+00	2.65330049891e+02
2.17290362954e+00	2.66052091806e+02
2.17667083855e+00	2.66773905956e+02
2.18043804756e+00	2.67495492923e+02
2.18420525657e+00	2.68216853288e+02
2.18797246558e+00	2.68937987630e+02
2.19173967459e+00	2.69658896533e+02
2.19550688360e+00	2.70379580578e+02
2.19927409262e+00	2.71100040348e+02
2.20304130163e+00	2.71820276426e+02
2.20680851064e+00	2.72540289394e+02
2.21057571965e+00	2.73260079836e+02
2.21434292866e+00	2.73979648336e+02
2.21811013767e+00	2.74698995477e+02
2.22187734668e+00	2.75418121843e+02
2.22564455569e+00	2.76137028018e+02
2.22941176471e+00	2.76855714584e+02
2.23317897372e+00	2.77574182127e+02
2.23694618273e+00	2.78292431229e+02
2.24071339174e+00	2.79010462473e+02
2.24448060075e+00	2.79728276444e+02
2.24824780976e+00	2.80445873723e+02
2.25201501877e+00	2.81163254894e+02
2.25578222778e+00	2.81880420539e+02
2.25954943680e+00	2.82597371239e+02
2.26331664581e+00	2.83314107578e+02
2.26708385482e+00	2.84030630136e+02
2.27085106383e+00	2.84746939493e+02
2.27461827284e+00	2.85463036231e+02
2.27838548185e+00	2.86178920929e+02
2.28215269086e+00	2.86894594166e+02
2.28591989987e+00	2.87610056521e+02
2.28968710889e+00	2.88325308573e+02
2.29345431790e+00	2.89040350899e+02
2.29722152691e+00	2.89755184076e+02
2.30098873592e+00	2.90469808680e+02
2.30475594493e+00	2.91184225286e+02
2.30852315394e+00	2.91898434470e+02
2.31229036295e+00	2.92612436805e+02
2.31605757196e+00	2.93326232865e+02
2.31982478098e+00	2.94039823222e+02
2.32359198999e+00	2.94753208447e+02
2.32735919900e+00	2.95466389113e+02
2.33112640801e+00	2.96179365787e+02
2.33489361702e+00	2.96892139040e+02
2.33866082603e+00	2.97604709440e+02
2.34242803504e+00	2.98317077553e+02
2.34619524406e+00	2.99029243947e+02
2.34996245307e+00	2.99741209185e+02
2.35372966208e+00	3.00452973834e+02
2.35749687109e+00	3.01164538454e+02
2.36126408010e+00	3.01875903610e+02
2.36503128911e+00	3.02587069862e+02
2.36879849812e+00	3.03298037770e+02
2.37256570713e+00	3.04008807894e+02
2.37633291615e+00	3.04719380790e+02
2.38010012516e+00	3.05429757017e+02
2.38386733417e+00	3.06139937130e+02
2.38763454318e+00	3.06849921684e+02
2.39140175219e+00	3.07559711231e+02
2.39516896120e+00	3.08269306325e+02
2.39893617021e+00	3.08978707516e+02
2.40270337922e+00	3.09687915355e+02
2.40647058824e+00	3.10396930390e+02
2.41023779725e+00	3.11105753169e+02
2.41400500626e+00	3.11814384238e+02
2.41777221527e+00	3.12522824142e+02
2.42153942428e+00	3.13231073425e+02
2.42530663329e+00	3.13939132630e+02
2.42907384230e+00	3.14647002298e+02
2.43284105131e+00	3.15354682969e+02
2.43660826033e+00	3.16062175183e+02
2.44037546934e+00	3.16769479475e+02
2.44414267835e+00	3.17476596384e+02
2.44790988736e+00	3.18183526443e+02
2.45167709637e+00	3.18890270186e+02
2.45544430538e+00	3.19596828146e+02
2.45921151439e+00	3.20303200854e+02
2.46297872340e+00	3.21009388839e+02
2.46674593242e+00	3.21715392629e+02
2.47051314143e+00	3.22421212752e+02
2.47428035044e+00	3.23126849733e+02
2.47804755945e+00	3.23832304097e+02
2.48181476846e+00	3.24537576365e+02
2.48558197747e+00	3.25242667060e+02
2.48934918648e+00	3.25947576702e+02
2.49311639549e+00	3.26652305810e+02
2.49688360451e+00	3.27356854901e+02
2.50065081352e+00	3.28061224490e+02
2.50441802253e+00	3.28765415093e+02
2.50818523154e+00	3.29469427223e+02
2.51195244055e+00	3.30173261391e+02
2.51571964956e+00	3.30876918108e+02
2.51948685857e+00	3.31580397883e+02
2.52325406758e+00	3.32283701223e+02
2.52702127660e+00	3.32986828635e+02
2.53078848561e+00	3.33689780623e+02
2.53455569462e+00	3.34392557691e+02
2.53832290363e+00	3.35095160340e+02
2.54209011264e+00	3.35797589071e+02
2.54585732165e+00	3.36499844383e+02
2.54962453066e+00	3.37201926773e+02
2.55339173967e+00	3.37903836738e+02
2.55715894869e+00	3.38605574772e+02
2.56092615770e+00	3.39307141369e+02
2.56469336671e+00	3.40008537020e+02
2.56846057572e+00	3.40709762217e+02
2.57222778473e+00	3.41410817447e+02
2.57599499374e+00	3.42111703198e+02
2.57976220275e+00	3.42812419957e+02
2.58352941176e+00	3.43512968209e+02
2.58729662078e+00	3.44213348435e+02
2.59106382979e+00	3.44913561119e+02
2.59483103880e+00	3.45613606740e+02
2.59859824781e+00	3.46313485777e+02
2.60236545682e+00	3.47013198708e+02
2.60613266583e+00	3.47712746009e+02
2.60989987484e+00	3.48412128154e+02
2.61366708385e+00	3.49111345616e+02
2.61743429287e+00	3.49810398868e+02
2.62120150188e+00	3.50509288378e+02
2.62496871089e+00	3.51208014616e+02
2.62873591990e+00	3.51906578050e+02
2.63250312891e+00	3.52604979145e+02
2.63627033792e+00	3.53303218365e+02
2.64003754693e+00	3.54001296174e+02
2.64380475594e+00	3.54699213033e+02
2.64757196496e+00	3.55396969402e+02
2.65133917397e+00	3.56094565741e+02
2.65510638298e+00	3.56792002505e+02
2.65887359199e+00	3.57489280151e+02
2.66264080100e+00	3.58186399134e+02
2.66640801001e+00	3.58883359906e+02
2.67017521902e+00	3.59580162919e+02
2.67394242804e+00	3.60276808623e+02
2.67770963705e+00	3.60973297466e+02
2.68147684606e+00	3.61669629897e+02
2.68524405507e+00	3.62365806359e+02
2.68901126408e+00	3.63061827299e+02
2.69277847309e+00	3.63757693160e+02
2.69654568210e+00	3.64453404381e+02
2.70031289111e+00	3.65148961405e+02
2.70408010013e+00	3.65844364668e+02
2.70784730914e+00	3.66539614610e+02
2.71161451815e+00	3.67234711666e+02
2.71538172716e+00	3.67929656269e+02
2.71914893617e+00	3.68624448855e+02
2.72291614518e+00	3.69319089853e+02
2.72668335419e+00	3.70013579694e+02
2.73045056320e+00	3.70707918808e+02
2.73421777222e+00	3.71402107622e+02
2.73798498123e+00	3.72096146562e+02
2.74175219024e+00	3.72790036052e+02
2.74551939925e+00	3.73483776517e+02
2.74928660826e+00	3.74177368377e+02
2.75305381727e+00	3.74870812054e+02
2.75682102628e+00	3.75564107967e+02
2.76058823529e+00	3.76257256534e+02
2.76435544431e+00	3.76950258171e+02
2.76812265332e+00	3.77643113294e+02
2.77188986233e+00	3.78335822315e+02
2.77565707134e+00	3.79028385648e+02
2.77942428035e+00	3.79720803704e+02
2.78319148936e+00	3.80413076891e+02
2.78695869837e+00	3.81105205619e+02
2.79072590738e+00	3.81797190295e+02
2.79449311640e+00	3.82489031324e+02
2.79826032541e+00	3.83180729110e+02
2.80202753442e+00	3.83872284056e+02
2.80579474343e+00	3.84563696565e+02
2.80956195244e+00	3.85254967035e+02
2.81332916145e+00	3.85946095867e+02
2.81709637046e+00	3.86637083457e+02
2.82086357947e+00	3.87327930203e+02
2.82463078849e+00	3.88018636499e+02
2.82839799750e+00	3.88709202738e+02
2.83216520651e+00	3.89399629314e+02
2.83593241552e+00	3.90089916617e+02
2.83969962453e+00	3.90780065036e+02
2.84346683354e+00	3.91470074961e+02
2.84723404255e+00	3.92159946779e+02
2.85100125156e+00	3.92849680874e+02
2.85476846058e+00	3.93539277633e+02
2.85853566959e+00	3.94228737438e+02
2.86230287860e+00	3.94918060671e+02
2.86607008761e+00	3.95607247712e+02
2.86983729662e+00	3.96296298942e+02
2.87360450563e+00	3.96985214739e+02
2.87737171464e+00	3.97673995479e+02
2.88113892365e+00	3.98362641537e+02
2.88490613267e+00	3.99051153290e+02
2.88867334168e+00	3.99739531108e+02
2.89244055069e+00	4.00427775365e+02
2.89620775970e+00	4.01115886430e+02
2.89997496871e+00	4.01803864674e+02
2.90374217772e+00	4.02491710464e+02
2.90750938673e+00	4.03179424168e+02
2.91127659574e+00	4.03867006150e+02
2.91504380476e+00	4.04554456775e+02
2.91881101377e+00	4.05241776407e+02
2.92257822278e+00	4.05928965407e+02
2.92634543179e+00	4.06616024137e+02
2.93011264080e+00	4.07302952954e+02
2.93387984981e+00	4.07989752219e+02
2.93764705882e+00	4.08676422288e+02
2.94141426783e+00	4.09362963517e+02
2.94518147685e+00	4.10049376260e+02
2.94894868586e+00	4.10735660871e+02
2.95271589487e+00	4.11421817703e+02
2.95648310388e+00	4.12107847106e+02
2.96025031289e+00	4.12793749431e+02
2.96401752190e+00	4.13479525025e+02
2.96778473091e+00	4.14165174238e+02
2.97155193992e+00	4.14850697414e+02
2.97531914894e+00	4.15536094900e+02
2.97908635795e+00	4.16221367039e+02
2.98285356696e+00	4.16906514174e+02
2.98662077597e+00	4.17591536647e+02
2.99038798498e+00	4.18276434799e+02
2.99415519399e+00	4.18961208969e+02
2.99792240300e+00	4.19645859494e+02
3.00168961202e+00	4.20330386713e+02
3.00545682103e+00	4.21014790962e+02
3.00922403004e+00	4.21699072574e+02
3.01299123905e+00	4.22383231885e+02
3.01675844806e+00	4.23067269226e+02
3.02052565707e+00	4.23751184928e+02
3.02429286608e+00	4.24434979323e+02
3.02806007509e+00	4.25118652740e+02
3.03182728411e+00	4.25802205506e+02
3.03559449312e+00	4.26485637949e+02
3.03936170213e+00	4.27168950394e+02
3.04312891114e+00	4.27852143166e+02
3.04689612015e+00	4.28535216590e+02
3.05066332916e+00	4.29218170987e+02
3.05443053817e+00	4.29901006679e+02
3.05819774718e+00	4.30583723986e+02
3.06196495620e+00	4.31266323229e+02
3.06573216521e+00	4.31948804724e+02
3.06949937422e+00	4.32631168790e+02
3.07326658323e+00	4.33313415743e+02
3.07703379224e+00	4.33995545897e+02
3.08080100125e+00	4.34677559566e+02
3.08456821026e+00	4.35359457063e+02
3.08833541927e+00	4.36041238701e+02
3.09210262829e+00	4.36722904790e+02
3.09586983730e+00	4.37404455640e+02
3.09963704631e+00	4.38085891559e+02
3.10340425532e+00	4.38767212856e+02
3.10717146433e+00	4.39448419836e+02
3.11093867334e+00	4.40129512806e+02
3.11470588235e+00	4.40810492070e+02
3.11847309136e+00	4.41491357931e+02
3.12224030038e+00	4.42172110693e+02
3.12600750939e+00	4.42852750656e+02
3.12977471840e+00	4.43533278121e+02
3.13354192741e+00	4.44213693388e+02
3.13730913642e+00	4.44893996755e+02
3.14107634543e+00	4.45574188519e+02
3.14484355444e+00	4.46254268977e+02
3.14861076345e+00	4.46934238425e+02
3.15237797247e+00	4.47614097156e+02
3.15614518148e+00	4.48293845465e+02
3.15991239049e+00	4.48973483644e+02
3.16367959950e+00	4.49653011984e+02
3.16744680851e+00	4.50332430776e+02
3.17121401752e+00	4.51011740309e+02
3.17498122653e+00	4.51690940873e+02
3.17874843554e+00	4.52370032754e+02
3.18251564456e+00	4.53049016239e+02
3.18628285357e+00	4.53727891614e+02
3.19005006258e+00	4.54406659164e+02
3.19381727159e+00	4.55085319172e+02
3.19758448060e+00	4.55763871922e+02
3.20135168961e+00	4.56442317694e+02
3.20511889862e+00	4.57120656771e+02
3.20888610763e+00	4.57798889432e+02
3.21265331665e+00	4.58477015956e+02
3.21642052566e+00	4.59155036621e+02
3.22018773467e+00	4.59832951704e+02
3.22395494368e+00	4.60510761482e+02
3.22772215269e+00	4.61188466230e+02
3.23148936170e+00	4.61866066222e+02
3.23525657071e+00	4.62543561732e+02
3.23902377972e+00	4.63220953033e+02
3.24279098874e+00	4.63898240395e+02
3.24655819775e+00	4.64575424091e+02
3.25032540676e+00	4.65252504389e+02
3.25409261577e+00	4.65929481559e+02
3.25785982478e+00	4.66606355868e+02
3.26162703379e+00	4.67283127585e+02
3.26539424280e+00	4.67959796974e+02
3.26916145181e+00	4.68636364303e+02
3.27292866083e+00	4.69312829834e+02
3.27669586984e+00	4.69989193832e+02
3.28046307885e+00	4.70665456560e+02
3.28423028786e+00	4.71341618278e+02
3.28799749687e+00	4.72017679250e+02
3.29176470588e+00	4.72693639733e+02
3.29553191489e+00	4.73369499989e+02
3.29929912390e+00	4.74045260274e+02
3.30306633292e+00	4.74720920848e+02
3.30683354193e+00	4.75396481966e+02
3.31060075094e+00	4.76071943884e+02
3.31436795995e+00	4.76747306857e+02
3.31813516896e+00	4.77422571140e+02
3.32190237797e+00	4.78097736986e+02
3.32566958698e+00	4.78772804647e+02
3.32943679599e+00	4.79447774375e+02
3.33320400501e+00	4.80122646420e+02
3.33697121402e+00	4.80797421034e+02
3.34073842303e+00	4.81472098464e+02
3.34450563204e+00	4.82146678960e+02
3.34827284105e+00	4.82821162768e+02
3.35204005006e+00	4.83495550136e+02
3.35580725907e+00	4.84169841309e+02
3.35957446809e+00	4.84844036532e+02
3.36334167710e+00	4.85518136050e+02
3.36710888611e+00	4.86192140107e+02
3.37087609512e+00	4.86866048944e+02
3.37464330413e+00	4.87539862804e+02
3.37841051314e+00	4.88213581928e+02
3.38217772215e+00	4.88887206556e+02
3.38594493116e+00	4.89560736927e+02
3.38971214018e+00	4.90234173281e+02
3.39347934919e+00	4.90907515855e+02
3.39724655820e+00	4.91580764886e+02
3.40101376721e+00	4.92253920611e+02
3.40478097622e+00	4.92926983265e+02
3.40854818523e+00	4.93599953084e+02
3.41231539424e+00	4.94272830301e+02
3.41608260325e+00	4.94945615149e+02
3.41984981227e+00	4.95618307861e+02
3.42361702128e+00	4.96290908669e+02
3.42738423029e+00	4.96963417804e+02
3.43115143930e+00	4.97635835496e+02
3.43491864831e+00	4.98308161974e+02
3.43868585732e+00	4.98980397468e+02
3.44245306633e+00	4.99652542205e+02
3.44622027534e+00	5.00324596412e+02
3.44998748436e+00	5.00996560317e+02
3.45375469337e+00	5.01668434145e+02
3.45752190238e+00	5.02340218121e+02
3.46128911139e+00	5.03011912469e+02
3.46505632040e+00	5.03683517413e+02
3.46882352941e+00	5.04355033176e+02
3.47259073842e+00	5.05026459979e+02
3.47635794743e+00	5.05697798045e+02
3.48012515645e+00	5.06369047595e+02
3.48389236546e+00	5.07040208847e+02
3.48765957447e+00	5.07711282022e+02
3.49142678348e+00	5.08382267337e+02
3.49519399249e+00	5.09053165012e+02
3.49896120150e+00	5.09723975262e+02
3.50272841051e+00	5.10394698305e+02
3.50649561952e+00	5.11065334356e+02
3.51026282854e+00	5.11735883631e+02
3.51403003755e+00	5.12406346343e+02
3.51779724656e+00	5.13076722707e+02
3.52156445557e+00	5.13747012935e+02
3.52533166458e+00	5.14417217239e+02
3.52909887359e+00	5.15087335832e+02
3.53286608260e+00	5.15757368924e+02
3.53663329161e+00	5.16427316726e+02
3.54040050063e+00	5.17097179447e+02
3.54416770964e+00	5.17766957295e+02
3.54793491865e+00	5.18436650481e+02
3.55170212766e+00	5.19106259210e+02
3.55546933667e+00	5.19775783689e+02
3.55923654568e+00	5.20445224126e+02
3.56300375469e+00	5.21114580726e+02
3.56677096370e+00	5.21783853693e+02
3.57053817272e+00	5.22453043232e+02
3.57430538173e+00	5.23122149547e+02
3.57807259074e+00	5.23791172840e+02
3.58183979975e+00	5.24460113314e+02
3.58560700876e+00	5.25128971170e+02
3.58937421777e+00	5.25797746611e+02
3.59314142678e+00	5.26466439835e+02
3.59690863579e+00	5.27135051042e+02
3.60067584481e+00	5.27803580433e+02
3.60444305382e+00	5.28472028205e+02
3.60821026283e+00	5.29140394557e+02
3.61197747184e+00	5.29808679684e+02
3.61574468085e+00	5.30476883785e+02
3.61951188986e+00	5.31145007056e+02
3.62327909887e+00	5.31813049690e+02
3.62704630788e+00	5.32481011884e+02
3.63081351690e+00	5.33148893831e+02
3.63458072591e+00	5.33816695725e+02
3.63834793492e+00	5.34484417759e+02
3.64211514393e+00	5.35152060125e+02
3.64588235294e+00	5.35819623015e+02
3.64964956195e+00	5.36487106619e+02
3.65341677096e+00	5.37154511129e+02
3.65718397997e+00	5.37821836735e+02
3.66095118899e+00	5.38489083624e+02
3.66471839800e+00	5.39156251987e+02
3.66848560701e+00	5.39823342012e+02
3.67225281602e+00	5.40490353885e+02
3.67602002503e+00	5.41157287794e+02
3.67978723404e+00	5.41824143924e+02
3.68355444305e+00	5.42490922463e+02
3.68732165207e+00	5.43157623595e+02
3.69108886108e+00	5.43824247504e+02
3.69485607009e+00	5.44490794375e+02
3.69862327910e+00	5.45157264390e+02
3.70239048811e+00	5.45823657734e+02
3.70615769712e+00	5.46489974588e+02
3.70992490613e+00	5.47156215133e+02
3.71369211514e+00	5.47822379551e+02
3.71745932416e+00	5.48488468023e+02
3.72122653317e+00	5.49154480729e+02
3.72499374218e+00	5.49820417847e+02
3.72876095119e+00	5.50486279558e+02
3.73252816020e+00	5.51152066038e+02
3.73629536921e+00	5.51817777467e+02
3.74006257822e+00	5.52483414021e+02
3.74382978723e+00	5.53148975876e+02
3.74759699625e+00	5.53814463210e+02
3.75136420526e+00	5.54479876197e+02
3.75513141427e+00	5.55145215013e+02
3.75889862328e+00	5.55810479833e+02
3.76266583229e+00	5.56475670829e+02
3.76643304130e+00	5.57140788176e+02
3.77020025031e+00	5.57805832046e+02
3.77396745932e+00	5.58470802612e+02
3.77773466834e+00	5.59135700046e+02
3.78150187735e+00	5.59800524518e+02
3.78526908636e+00	5.60465276200e+02
3.78903629537e+00	5.61129955262e+02
3.79280350438e+00	5.61794561873e+02
3.79657071339e+00	5.62459096204e+02
3.80033792240e+00	5.63123558421e+02
3.80410513141e+00	5.63787948694e+02
3.80787234043e+00	5.64452267190e+02
3.81163954944e+00	5.65116514076e+02
3.81540675845e+00	5.65780689520e+02
3.81917396746e+00	5.66444793686e+02
3.82294117647e+00	5.67108826740e+02
3.82670838548e+00	5.67772788849e+02
3.83047559449e+00	5.68436680175e+02
3.83424280350e+00	5.69100500883e+02
3.83801001252e+00	5.69764251138e+02
3.84177722153e+00	5.70427931101e+02
3.84554443054e+00	5.71091540935e+02
3.84931163955e+00	5.71755080803e+02
3.85307884856e+00	5.72418550865e+02
3.85684605757e+00	5.73081951284e+02
3.86061326658e+00	5.73745282220e+02
3.86438047559e+00	5.74408543832e+02
3.86814768461e+00	5.75071736281e+02
3.87191489362e+00	5.75734859725e+02
3.87568210263e+00	5.76397914323e+02
3.87944931164e+00	5.77060900233e+02
3.88321652065e+00	5.77723817614e+02
3.88698372966e+00	5.78386666621e+02
3.89075093867e+00	5.79049447413e+02
3.89451814768e+00	5.79712160144e+02
3.89828535670e+00	5.80374804971e+02
3.90205256571e+00	5.81037382050e+02
3.90581977472e+00	5.81699891535e+02
3.90958698373e+00	5.82362333580e+02
3.91335419274e+00	5.83024708339e+02
3.91712140175e+00	5.83687015966e+02
3.92088861076e+00	5.84349256614e+02
3.92465581977e+00	5.85011430435e+02
3.92842302879e+00	5.85673537582e+02
3.93219023780e+00	5.86335578205e+02
3.93595744681e+00	5.86997552456e+02
3.93972465582e+00	5.87659460486e+02
3.94349186483e+00	5.88321302445e+02
3.94725907384e+00	5.88983078483e+02
3.95102628285e+00	5.89644788749e+02
3.95479349186e+00	5.90306433391e+02
3.95856070088e+00	5.90968012559e+02
3.96232790989e+00	5.91629526401e+02
3.96609511890e+00	5.92290975063e+02
3.96986232791e+00	5.92952358694e+02
3.97362953692e+00	5.93613677439e+02
3.97739674593e+00	5.94274931445e+02
3.98116395494e+00	5.94936120858e+02
3.98493116395e+00	5.95597245823e+02
3.98869837297e+00	5.96258306485e+02
3.99246558198e+00	5.96919302989e+02
3.99623279099e+00	5.97580235479e+02
4.00000000000e+00	5.98241104097e+02
