# EELS num, $\epsilon_1$ = 1, v = c/400 $\mu$m/s, xD = 0$\mu$m, b = -2.00$\mu$m
# $\epsilon_2$ = 1, $\hbar\mu$ = 0.70eV, $\hbar\gamma$ = 0.0001eV, $z_p=2.00\mu$m
# $\kappa$ = 0.10$\omega_0$, $\kappa_r$ = 0.50$\kappa$, $\omega_0$ =0.05THz
1.05069021391e+20
2.06942786955e+21
5.77656323838e+21
8.91463328648e+21
1.14486464116e+22
1.44114035018e+22
1.81747071563e+22
2.28960996676e+22
2.91709305221e+22
3.79340283261e+22
5.08348047115e+22
7.19929999813e+22
1.12739251869e+23
2.18183758617e+23
1.04162668928e+24
-4.87109535052e+23
-2.23812150913e+23
-1.58279437026e+23
-1.30831700883e+23
-1.18031775609e+23
-1.13069083628e+23
-1.13514884228e+23
-1.18850525173e+23
-1.29747470575e+23
-1.48244901974e+23
-1.79060721329e+23
-2.33442806591e+23
-3.44321118110e+23
-6.65516713184e+23
-7.64575081235e+24
8.61496797248e+23
4.29596777172e+23
3.00074352314e+23
2.41369375013e+23
2.11123095959e+23
1.96057491956e+23
1.91190408682e+23
1.94925874148e+23
2.07784660215e+23
2.32669073265e+23
2.76768391570e+23
3.58183620229e+23
5.34240900046e+23
1.11921868857e+24
-9.92224432851e+24
-9.35256044527e+23
-5.07053585833e+23
-3.60643262144e+23
-2.90776964793e+23
-2.53494362734e+23
-2.34152514893e+23
-2.27026484521e+23
-2.30229689859e+23
-2.44417626147e+23
-2.73170334789e+23
-3.25590405611e+23
-4.25655445848e+23
-6.55214387941e+23
-1.56709175962e+24
3.62054402093e+24
8.49594700414e+23
4.93792567484e+23
3.59241041797e+23
2.92437648947e+23
2.56099176148e+23
2.37109399073e+23
2.30238937003e+23
2.33871229387e+23
2.48941138158e+23
2.79556516539e+23
3.36221574379e+23
4.47689410828e+23
7.20970546233e+23
2.12480498401e+24
-2.10238458940e+24
-7.09146564385e+23
-4.36446802710e+23
-3.24756925529e+23
-2.67519069936e+23
-2.36023012147e+23
-2.19705081152e+23
-2.14332198024e+23
-2.18756998375e+23
-2.34209793830e+23
-2.65163463155e+23
-3.23064910783e+23
-4.40625053967e+23
-7.52859676460e+23
-3.20712057626e+24
1.35926934064e+24
5.65656347032e+23
3.65206571203e+23
2.77626677660e+23
2.31564326288e+23
2.06066498935e+23
1.93138642865e+23
1.89596209353e+23
1.94769618768e+23
2.10130485372e+23
2.40353216399e+23
2.97486616506e+23
