# EELS num, $\epsilon_1$ = 1, v = c/400 $\mu$m/s, xD = 0$\mu$m, b = -2.00$\mu$m
# $\epsilon_2$ = 1, $\hbar\mu$ = 0.70eV, $\hbar\gamma$ = 0.0001eV, $z_p=2.00\mu$m
# $\kappa$ = 0.10$\omega_0$, $\kappa_r$ = 0.50$\kappa$, $\omega_0$ =0.05THz
1.74525644341e+15
3.48077375916e+16
9.92988443261e+16
1.57644371766e+17
2.08020117392e+17
2.66934239447e+17
3.40596455381e+17
4.31995704884e+17
5.52233750377e+17
7.19224442125e+17
9.64937924408e+17
1.36808709802e+18
2.14467949541e+18
4.15577832673e+18
1.98505102325e+19
-9.31566705843e+18
-4.28433014501e+18
-3.03427178845e+18
-2.51317065469e+18
-2.27329740537e+18
-2.18504601800e+18
-2.20273016088e+18
-2.31731869939e+18
-2.54321148924e+18
-2.92242255014e+18
-3.55125984966e+18
-4.65905433353e+18
-6.91727939220e+18
-1.34602509681e+19
-1.55070751299e+20
1.76901505252e+19
8.88195781077e+18
6.24691276559e+18
5.05845310789e+18
4.45305199222e+18
4.16090247430e+18
4.08182583804e+18
4.18553863699e+18
4.48649622074e+18
5.05088216726e+18
6.03970699397e+18
7.85699200290e+18
1.17822616927e+19
2.48510448134e+19
-2.12641731258e+20
-2.08097972518e+19
-1.13548348486e+19
-8.12119441505e+18
-6.58371519062e+18
-5.77135469400e+18
-5.36118010156e+18
-5.22823458342e+18
-5.33369781052e+18
-5.69711634108e+18
-6.40704446720e+18
-7.68415328703e+18
-1.01056645560e+19
-1.56313255016e+19
-3.73284976049e+19
9.11379349346e+19
2.09998314119e+19
1.22522188465e+19
8.96610183602e+18
7.34605852918e+18
6.47629371279e+18
6.03664525823e+18
5.90148457261e+18
6.03531092519e+18
6.46820591960e+18
7.31467286092e+18
8.86275397255e+18
1.19009714683e+19
1.93901254965e+19
5.91264765607e+19
-5.39607509491e+19
-1.88592795733e+19
-1.17441451356e+19
-8.81293461430e+18
-7.31371084093e+18
-6.49791691397e+18
-6.08990485423e+18
-5.98073583901e+18
-6.14421931383e+18
-6.61984901499e+18
-7.53877150044e+18
-9.23008736554e+18
-1.26208848180e+19
-2.14435428519e+19
-8.24241003904e+19
4.28603829425e+19
1.74183420012e+19
1.12425261519e+19
8.58274683487e+18
7.20101704654e+18
6.45112071018e+18
6.08996867761e+18
6.02368174556e+18
6.23763727989e+18
6.78741325917e+18
7.83793757107e+18
9.81273667145e+18
