# p_{tot,x} QE num, $\epsilon_1$ = 1, v = c/400 $\mu$m/s, x = 0$\mu$m, y = 0$\mu$m, b = -2.00$\mu$m
# $\epsilon_2$ = 1, $\hbar\mu$ = 0.70eV, $\hbar\gamma$ = 0.0001eV, $z_p=2.00\mu$m, z = 0$\mu$m
# $\kappa$ = 0.10$\omega_0$, $\kappa_r$ = 0.50$\kappa$, $\omega_0$ =0.10THz
2.74611197702e+01
2.61189372938e+01
2.41902128849e+01
2.19293135765e+01
1.95996830658e+01
1.74231449539e+01
1.55469934882e+01
1.40349099483e+01
1.28797003608e+01
1.20296135812e+01
1.14175185849e+01
1.09838021840e+01
1.06882320332e+01
1.05110891712e+01
1.04475891730e+01
1.05008640702e+01
1.06776650335e+01
1.09885354179e+01
1.14519231505e+01
1.21006962325e+01
1.29903059794e+01
1.42104356783e+01
1.59067374024e+01
1.83290029827e+01
2.19489000016e+01
2.77863809143e+01
3.85347253102e+01
6.43253291435e+01
2.04912393413e+02
-1.68669089242e+02
-5.96948860210e+01
-3.64179248543e+01
-2.63663333297e+01
-2.08154325719e+01
-1.73342201071e+01
-1.49795665237e+01
-1.33100298066e+01
-1.20917318482e+01
-1.11894093767e+01
-1.05199795820e+01
-1.00306437299e+01
-9.68760609581e+00
-9.46975187599e+00
-9.36492134273e+00
-9.36782853930e+00
-9.47924779244e+00
-9.70629745267e+00
-1.00637724639e+01
-1.05767153633e+01
-1.12849283743e+01
-1.22511465604e+01
-1.35767204072e+01
-1.54337759283e+01
-1.81371978382e+01
-2.23273964013e+01
-2.95303034809e+01
-4.44805939371e+01
-9.28491786292e+01
8.79046334585e+02
7.63071569097e+01
4.00078738814e+01
2.72682404765e+01
2.08314955793e+01
1.69899802358e+01
1.44703898891e+01
1.27182182061e+01
1.14538665211e+01
1.05217395646e+01
9.82915338064e+00
9.31835080335e+00
8.95244529105e+00
8.70788073698e+00
8.57025455622e+00
8.53205944912e+00
8.59164385464e+00
8.75306204907e+00
9.02673302381e+00
9.43107824566e+00
9.99565973186e+00
1.07669529047e+01
1.18191597769e+01
1.32754903432e+01
1.53534461119e+01
1.84725359285e+01
2.35545370059e+01
3.30881218401e+01
5.69001206910e+01
2.14844980616e+02
-1.19166030777e+02
-4.66950910276e+01
-2.91815951661e+01
-2.13668790822e+01
-1.69867275947e+01
-1.42184373554e+01
-1.23377656889e+01
-1.10004595237e+01
-1.00226264607e+01
-9.29780898470e+00
-8.76085135122e+00
-8.37045000651e+00
-8.10008574846e+00
-7.93309181724e+00
-7.85994540863e+00
-7.87687155057e+00
-7.98533427711e+00
-8.19227327106e+00
-8.51116458720e+00
-8.96423519058e+00
-9.58656609753e+00
-1.04336338736e+01
-1.15957076777e+01
-1.32272725138e+01
-1.56132916913e+01
-1.93399726929e+01
-2.58303810129e+01
-3.96560980602e+01
-8.79785164899e+01
3.73057566199e+02
5.96496538322e+01
3.25470857802e+01
2.25222014405e+01
1.73507485305e+01
1.42302967894e+01
1.21701727704e+01
1.07317306502e+01
9.69150157913e+00
8.92429477832e+00
8.35517581009e+00
7.93726098311e+00
7.64053296665e+00
7.44586306820e+00
7.34171634206e+00
7.32236895824e+00
7.38708735501e+00
7.54004306034e+00
7.79094898645e+00
8.15660471393e+00
8.66382905658e+00
9.35480664832e+00
1.02970691171e+01
1.16032169362e+01
1.34732867287e+01
1.62969130460e+01
2.09435463076e+01
2.98225836849e+01
5.29833054274e+01
2.53825671458e+02
-9.00795681768e+01
-3.83470681586e+01
-2.44991554346e+01
-1.81316321422e+01
-1.45104796449e+01
-1.22027676862e+01
-1.06270977199e+01
-9.50348526632e+00
-8.68102768920e+00
-8.07180324684e+00
-7.62176625942e+00
-7.29659495536e+00
-7.07430026584e+00
-6.94118717019e+00
-6.88963127808e+00
-6.91694682527e+00
-7.02501785747e+00
-7.22059349410e+00
-7.51633132133e+00
-7.93289776613e+00
-8.50281803572e+00
-9.27755396426e+00
-1.03410956249e+01
-1.18379836997e+01
-1.40371350255e+01
-1.74988901142e+01
-2.36114067568e+01
-3.70042472524e+01
-8.82278442789e+01
2.20338838030e+02
4.89868981110e+01
2.76932564356e+01
1.94373294509e+01
1.50943690683e+01
1.24460964729e+01
1.06867440088e+01
9.45375126166e+00
8.56043319498e+00
7.90143458631e+00
7.41338856824e+00
7.05655329262e+00
6.80549554094e+00
6.64408597387e+00
6.56273885626e+00
6.55693494716e+00
6.62657558617e+00
6.77598603430e+00
7.01457033801e+00
7.35830690230e+00
7.83255362526e+00
8.47716441497e+00
9.35608617583e+00
1.05764532703e+01
