# E_{ref,x} QE num, $\epsilon_1$ = 1, v = c/400 $\mu$m/s, x = 1$\mu$m, y = 1$\mu$m, b = -2.00$\mu$m
# $\epsilon_2$ = 1, $\hbar\mu$ = 0.70eV, $\hbar\gamma$ = 0.0001eV, $z_p=2.00\mu$m, z = 1$\mu$m
1.98402899893e-10
-6.49723577104e-09
-1.59623875159e-07
-1.24111867008e-06
-5.79658617744e-06
-1.99029916659e-05
-5.53978302587e-05
-1.32197955295e-04
-2.80225344643e-04
-5.40449319426e-04
-9.64656835844e-04
-1.61375931834e-03
-2.55470174132e-03
-3.85630991283e-03
-5.58464336667e-03
-7.79856722525e-03
-1.05462839781e-02
-1.38634626752e-02
-1.77733790543e-02
-2.22891681595e-02
-2.74179406681e-02
-3.31661840659e-02
-3.95456177785e-02
-4.65785444392e-02
-5.43017655488e-02
-6.27683122549e-02
-7.20465582648e-02
-8.22166863513e-02
-9.33649104445e-02
-1.05576243125e-01
-1.18926878823e-01
-1.33477386366e-01
-1.49267844217e-01
-1.66315809437e-01
-1.84617617881e-01
-2.04153023724e-01
-2.24892673707e-01
-2.46807453985e-01
-2.69878417594e-01
-2.94105853604e-01
-3.19516123592e-01
-3.46165164466e-01
-3.74138004255e-01
-4.03544197221e-01
-4.34509676024e-01
-4.67166054202e-01
-5.01638810818e-01
-5.38035988157e-01
-5.76438998619e-01
-6.16896868189e-01
-6.59424775690e-01
-7.04007143977e-01
-7.50604887255e-01
-7.99165812277e-01
-8.49636699890e-01
-9.01975328278e-01
-9.56160682435e-01
-1.01219983228e+00
-1.07013042355e+00
-1.13001834749e+00
-1.19195084957e+00
-1.25602600383e+00
-1.32234002216e+00
-1.39097420575e+00
-1.46198342866e+00
-1.53538785550e+00
-1.61116916045e+00
-1.68927189341e+00
-1.76960991709e+00
-1.85207711974e+00
-1.93656099366e+00
-2.02295724846e+00
-2.11118346226e+00
-2.20118988832e+00
-2.29296591506e+00
-2.38654127208e+00
-2.48198179993e+00
-2.57938035603e+00
-2.67884410585e+00
-2.78047995226e+00
-2.88438011507e+00
-2.99060984980e+00
-3.09919899277e+00
-3.21013848105e+00
-3.32338229581e+00
-3.43885451508e+00
-3.55646044444e+00
-3.67610022201e+00
-3.79768294883e+00
-3.92113932446e+00
-4.04643098156e+00
-4.17355518067e+00
-4.30254418195e+00
-4.43345936224e+00
-4.56638088633e+00
-4.70139436906e+00
-4.83857638935e+00
-4.97798088192e+00
-5.11962831302e+00
-5.26349916142e+00
-5.40953262929e+00
-5.55763078353e+00
-5.70766757841e+00
-5.85950153875e+00
-6.01299038343e+00
-6.16800560975e+00
-6.32444507536e+00
-6.48224190150e+00
-6.64136853886e+00
-6.80183551057e+00
-6.96368508239e+00
-7.12698080479e+00
-7.29179442928e+00
-7.45819204594e+00
-7.62622137460e+00
-7.79590195844e+00
-7.96721958449e+00
-8.14012565124e+00
-8.31454150502e+00
-8.49036707240e+00
-8.66749252115e+00
-8.84581127005e+00
-9.02523249305e+00
-9.20569134778e+00
-9.38715548917e+00
-9.56962695614e+00
-9.75313916919e+00
-9.93774945774e+00
-1.01235281525e+01
-1.03105457471e+01
-1.04988598900e+01
-1.06885039770e+01
-1.08794788855e+01
-1.10717489443e+01
-1.12652426488e+01
-1.14598579760e+01
-1.16554715314e+01
-1.18519502480e+01
-1.20491640279e+01
-1.22469976135e+01
-1.24453601082e+01
-1.26441909133e+01
-1.28434613611e+01
-1.30431719269e+01
-1.32433455123e+01
-1.34440178280e+01
-1.36452262831e+01
-1.38469989752e+01
-1.40493453310e+01
-1.42522496972e+01
-1.44556687459e+01
-1.46595330210e+01
-1.48637523643e+01
-1.50682244271e+01
-1.52728450521e+01
-1.54775190610e+01
-1.56821699467e+01
-1.58867471312e+01
-1.60912298025e+01
-1.62956268221e+01
-1.64999727393e+01
-1.67043204787e+01
-1.69087317157e+01
-1.71132662525e+01
-1.73179718262e+01
-1.75228756984e+01
-1.77279791130e+01
-1.79332552983e+01
-1.81386511994e+01
-1.83440926132e+01
-1.85494919449e+01
-1.87547574623e+01
-1.89598027443e+01
-1.91645550224e+01
-1.93689612922e+01
-1.95729914061e+01
-1.97766377888e+01
-1.99799118942e+01
-2.01828379711e+01
-2.03854450663e+01
-2.05877584263e+01
-2.07897915175e+01
-2.09915397846e+01
-2.11929770050e+01
-2.13940547274e+01
-2.15947048486e+01
-2.17948449497e+01
-2.19943856384e+01
-2.21932388787e+01
-2.23913261712e+01
-2.25885854805e+01
-2.27849759971e+01
-2.29804801286e+01
-2.31751025013e+01
-2.33688661608e+01
-2.35618065401e+01
-2.37539640482e+01
-2.39453763062e+01
-2.41360710808e+01
-2.43260608462e+01
