# EELS QE num, $\epsilon_1$ = 1, v = c/400 $\mu$m/s, xD = 0$\mu$m, b = -2.00$\mu$m
# $\epsilon_2$ = 1, $\hbar\mu$ = 0.70eV, $\hbar\gamma$ = 0.0001eV, $z_p=2.00\mu$m
# $\kappa$ = 0.10$\omega_0$, $\kappa_r$ = 0.50$\kappa$, $\omega_0$ =0.10THz
-1.05284097143e+20
-2.07331112864e+21
-5.78598049672e+21
-8.92750699761e+21
-1.14646909474e+22
-1.44319153976e+22
-1.82004814079e+22
-2.29281474638e+22
-2.92113114238e+22
-3.79855725737e+22
-5.09028330939e+22
-7.20892458611e+22
-1.12889017714e+23
-2.18467519598e+23
-1.04296116815e+24
4.87732281248e+23
2.24095821401e+23
1.58476284823e+23
1.30992105120e+23
1.18175310383e+23
1.13205049850e+23
1.13649547294e+23
1.18989782203e+23
1.29897512450e+23
1.48414183404e+23
1.79263170623e+23
2.33703577847e+23
3.44699648600e+23
6.66238907657e+23
7.65397488088e+24
-8.62412250798e+23
-4.30046177097e+23
-3.00384256427e+23
-2.41616057111e+23
-2.11336137128e+23
-1.96252569059e+23
-1.91378179339e+23
-1.95114840547e+23
-2.07983501869e+23
-2.32889041684e+23
-2.77026578311e+23
-3.58512818274e+23
-5.34725534660e+23
-1.12022236081e+24
9.93102117427e+24
9.36070660314e+23
5.07489465050e+23
3.60949564344e+23
2.91020523968e+23
2.53703624747e+23
2.34343202843e+23
2.27208885589e+23
2.30412131840e+23
2.44608701349e+23
2.73380871418e+23
3.25837661015e+23
4.25974333522e+23
6.55698889335e+23
1.56823357910e+24
-3.62314145547e+24
-8.50195932694e+23
-4.94137350496e+23
-3.59488157787e+23
-2.92635786941e+23
-2.56270245179e+23
-2.37265541135e+23
-2.30388344097e+23
-2.34020787443e+23
-2.49097968463e+23
-2.79729984266e+23
-3.36427219226e+23
-4.47959332462e+23
-7.21398525232e+23
-2.12604667025e+24
2.10359585970e+24
7.09549207860e+23
4.36690728082e+23
3.24935600021e+23
2.67664077340e+23
2.36149029357e+23
2.19820571896e+23
2.14443130018e+23
2.18868467401e+23
2.34327279488e+23
2.65294458463e+23
3.23222064584e+23
4.40835938678e+23
7.53214262245e+23
3.20860866448e+24
-1.35988998836e+24
-5.65910419833e+23
-3.65367975218e+23
-2.77747481342e+23
-2.31663493643e+23
-2.06153310274e+23
-1.93218694965e+23
-1.89673527645e+23
-1.94847761466e+23
-2.10213441166e+23
-2.40446564082e+23
-2.97600218672e+23
