# $\epsilon_1$ = 1, v = c/400 $\mu$m/s, xD = 0$\mu$m, b = -2$\mu$m
# $\omega$ = 0.01THz, $\epsilon_2$ = 1, $\hbar\mu$ = 0.70eV, $\hbar\gamma$ = 0.0001eV
# $z_p=2.00\mu$m
-4.00000000000e+00
-3.90625000000e+00
-3.81250000000e+00
-3.71875000000e+00
-3.62500000000e+00
-3.53125000000e+00
-3.43750000000e+00
-3.34375000000e+00
-3.25000000000e+00
-3.15625000000e+00
-3.06250000000e+00
-2.96875000000e+00
-2.87500000000e+00
-2.78125000000e+00
-2.68750000000e+00
-2.59375000000e+00
-2.50000000000e+00
-2.40625000000e+00
-2.31250000000e+00
-2.21875000000e+00
-2.12500000000e+00
-2.03125000000e+00
-1.93750000000e+00
-1.84375000000e+00
-1.75000000000e+00
-1.65625000000e+00
-1.56250000000e+00
-1.46875000000e+00
-1.37500000000e+00
-1.28125000000e+00
-1.18750000000e+00
-1.09375000000e+00
-1.00000000000e+00
-9.06250000000e-01
-8.12500000000e-01
-7.18750000000e-01
-6.25000000000e-01
-5.31250000000e-01
-4.37500000000e-01
-3.43750000000e-01
-2.50000000000e-01
-1.56250000000e-01
-6.25000000000e-02
3.12500000000e-02
1.25000000000e-01
2.18750000000e-01
3.12500000000e-01
4.06250000000e-01
5.00000000000e-01
5.93750000000e-01
6.87500000000e-01
7.81250000000e-01
8.75000000000e-01
9.68750000000e-01
1.06250000000e+00
1.15625000000e+00
1.25000000000e+00
1.34375000000e+00
1.43750000000e+00
1.53125000000e+00
1.62500000000e+00
1.71875000000e+00
1.81250000000e+00
1.90625000000e+00
2.00000000000e+00
