# EELS num, $\epsilon_1$ = 1, v = c/400 $\mu$m/s, xD = 0$\mu$m, b = -2.00$\mu$m
# $\epsilon_2$ = 1, $\hbar\mu$ = 0.70eV, $\hbar\gamma$ = 0.0001eV, $z_p=2.00\mu$m
# $\kappa$ = 0.10$\omega_0$, $\kappa_r$ = 0.50$\kappa$, $\omega_0$ =0.10THz
1.74525538015e+15
3.48076727458e+16
9.92985272881e+16
1.57643640106e+17
2.08018804851e+17
2.66932004996e+17
3.40592694852e+17
4.31989387655e+17
5.52222915014e+17
7.19205086641e+17
9.64901069730e+17
1.36800871532e+18
2.14447620119e+18
4.15497208776e+18
1.98310090291e+19
-9.32018503095e+18
-4.28533781085e+18
-3.03480425272e+18
-2.51355534213e+18
-2.27362830857e+18
-2.18536681999e+18
-2.20307186226e+18
-2.31771458410e+18
-2.54371004141e+18
-2.92311023904e+18
-3.55231961408e+18
-4.66095612167e+18
-6.92164855435e+18
-1.34774943651e+19
-1.57474634497e+20
1.76579226620e+19
8.87349443715e+18
6.24255179684e+18
5.05547439171e+18
4.45064688575e+18
4.15871372600e+18
4.07962950938e+18
4.18312985156e+18
4.48360849480e+18
5.04706258754e+18
6.03400679495e+18
7.84692411648e+18
1.17586446477e+19
2.47417726100e+19
-2.21694091442e+20
-2.08945746087e+19
-1.13811017008e+19
-8.13519939707e+18
-6.59330964690e+18
-5.77903849230e+18
-5.36808756974e+18
-5.23507507125e+18
-5.34110781886e+18
-5.70591221119e+18
-6.41861508830e+18
-7.70146259613e+18
-1.01368144929e+19
-1.57090280659e+19
-3.77963523721e+19
8.85096402934e+19
2.08475312781e+19
1.21980869375e+19
8.93595906800e+18
7.32504484566e+18
6.45934094739e+18
6.02136043355e+18
5.88632773374e+18
6.01886571796e+18
6.44861471582e+18
7.28869832564e+18
8.82325710897e+18
1.18273635139e+19
1.91894814011e+19
5.72949532824e+19
-5.58449553011e+19
-1.90845157319e+19
-1.18337707736e+19
-8.86505903878e+18
-7.35085921091e+18
-6.52828368433e+18
-6.11753544755e+18
-6.00834567084e+18
-6.17441498112e+18
-6.65618301830e+18
-7.58765488227e+18
-9.30624132533e+18
-1.27695426348e+19
-2.18989290422e+19
-9.10946802478e+19
4.12263779058e+19
1.71214954652e+19
1.11127353539e+19
8.50408276964e+18
7.14362783662e+18
6.40346814626e+18
6.04608022474e+18
5.97934441397e+18
6.18859052119e+18
6.72757756173e+18
7.75589324717e+18
9.68103203186e+18
