# omega [THz]     Im(E_{dir,x}) analytic     Im(E_{dir,x}) QE num     Im(E_{dir}) sin QE num, $\epsilon_1$ = 1, v = c/400 $\mu$m/s, b = -2.00$\mu$m
# plot_fieldE_direct2.2.py
1.00000000000e-03	2.39035540848e+00	4.86144377287e-04	4.85671195411e-04
2.00000000000e-03	4.78094633519e+00	6.93360990677e-03	6.92732650856e-03
3.00000000000e-03	7.17194472776e+00	2.94128933930e-02	2.93892696587e-02
4.00000000000e-03	9.56349414309e+00	7.38962627068e-02	7.38462770736e-02
5.00000000000e-03	1.19557204737e+01	1.38394644672e-01	1.38318377106e-01
6.00000000000e-03	1.43487366287e+01	2.18340521695e-01	2.18238574880e-01
7.00000000000e-03	1.67426452330e+01	3.15903397843e-01	3.15757674065e-01
8.00000000000e-03	1.91375403952e+01	4.43776017105e-01	4.43540596604e-01
9.00000000000e-03	2.15335089601e+01	6.19002326606e-01	6.18619438151e-01
1.00000000000e-02	2.39306314428e+01	8.51986648128e-01	8.51417368298e-01
1.10000000000e-02	2.63289827543e+01	1.14082144437e+00	1.14006171710e+00
1.20000000000e-02	2.87286327809e+01	1.47647810284e+00	1.47554123262e+00
1.30000000000e-02	3.11296468587e+01	1.85419685840e+00	1.85307750309e+00
1.40000000000e-02	3.35320861685e+01	2.28015974429e+00	2.27881762371e+00
1.50000000000e-02	3.59360080710e+01	2.76657709877e+00	2.76496243362e+00
1.60000000000e-02	3.83414663942e+01	3.31952706080e+00	3.31762384719e+00
1.70000000000e-02	4.07485116827e+01	3.93193067978e+00	3.92976379915e+00
1.80000000000e-02	4.31571914162e+01	4.59062767556e+00	4.58820485028e+00
1.90000000000e-02	4.55675502034e+01	5.29346130641e+00	5.29068968253e+00
2.00000000000e-02	4.79796299535e+01	6.06090026002e+00	6.05756723466e+00
2.10000000000e-02	5.03934700307e+01	6.92832356307e+00	6.92420130310e+00
2.20000000000e-02	5.28091073938e+01	7.92044348595e+00	7.91547083709e+00
2.30000000000e-02	5.52265767220e+01	9.02659109426e+00	9.02098818358e+00
2.40000000000e-02	5.76459105302e+01	1.01993241185e+01	1.01935035249e+01
2.50000000000e-02	6.00671392740e+01	1.13833476381e+01	1.13776257612e+01
2.60000000000e-02	6.24902914468e+01	1.25573721410e+01	1.25516629449e+01
2.70000000000e-02	6.49153936688e+01	1.37576723351e+01	1.37514125877e+01
2.80000000000e-02	6.73424707693e+01	1.50618171988e+01	1.50542425855e+01
2.90000000000e-02	6.97715458639e+01	1.65393862354e+01	1.65300197829e+01
3.00000000000e-02	7.22026404252e+01	1.82027791643e+01	1.81917981487e+01
3.10000000000e-02	7.46357743497e+01	1.99944327990e+01	1.99826187173e+01
3.20000000000e-02	7.70709660200e+01	2.18224223266e+01	2.18106750012e+01
3.30000000000e-02	7.95082323632e+01	2.36214119858e+01	2.36101347566e+01
3.40000000000e-02	8.19475889057e+01	2.53964156205e+01	2.53852031800e+01
3.50000000000e-02	8.43890498250e+01	2.72182845435e+01	2.72061523892e+01
3.60000000000e-02	8.68326279983e+01	2.91744981015e+01	2.91605077491e+01
3.70000000000e-02	8.92783350485e+01	3.13109958165e+01	3.12948378569e+01
3.80000000000e-02	9.17261813884e+01	3.36062915110e+01	3.35884177930e+01
3.90000000000e-02	9.41761762610e+01	3.59940029154e+01	3.59752360794e+01
4.00000000000e-02	9.66283277799e+01	3.84136867350e+01	3.83946238396e+01
4.10000000000e-02	9.90826429659e+01	4.08503132508e+01	4.08309771504e+01
4.20000000000e-02	1.01539127783e+02	4.33343371093e+01	4.33143073385e+01
4.30000000000e-02	1.03997787171e+02	4.59070287289e+01	4.58858840554e+01
4.40000000000e-02	1.06458625080e+02	4.85830092936e+01	4.85606667168e+01
4.50000000000e-02	1.08921644500e+02	5.13420554718e+01	5.13187037484e+01
4.60000000000e-02	1.11386847491e+02	5.41556838372e+01	5.41313919029e+01
4.70000000000e-02	1.13854235210e+02	5.70230942770e+01	5.69974983003e+01
4.80000000000e-02	1.16323807940e+02	5.99818262622e+01	5.99542680706e+01
4.90000000000e-02	1.18795565114e+02	6.30794226789e+01	6.30495214883e+01
5.00000000000e-02	1.21269505343e+02	6.63269009634e+01	6.62951039836e+01
5.10000000000e-02	1.23745626436e+02	6.96741228409e+01	6.96416872132e+01
5.20000000000e-02	1.26223925426e+02	7.30335929837e+01	7.30018388099e+01
5.30000000000e-02	1.28704398593e+02	7.63414358266e+01	7.63107153090e+01
5.40000000000e-02	1.31187041483e+02	7.96115807768e+01	7.95807466049e+01
5.50000000000e-02	1.33671848927e+02	8.29388124371e+01	8.29057155358e+01
5.60000000000e-02	1.36158815068e+02	8.64414451868e+01	8.64042688396e+01
5.70000000000e-02	1.38647933372e+02	9.01800223024e+01	9.01385847860e+01
5.80000000000e-02	1.41139196652e+02	9.41097867334e+01	9.40658551546e+01
5.90000000000e-02	1.43632597084e+02	9.81037714406e+01	9.80600564157e+01
6.00000000000e-02	1.46128126224e+02	1.02033820818e+02	1.01992251952e+02
6.10000000000e-02	1.48625775027e+02	1.05854608468e+02	1.05815047272e+02
6.20000000000e-02	1.51125533858e+02	1.09632325404e+02	1.09592618429e+02
6.30000000000e-02	1.53627392516e+02	1.13498399725e+02	1.13455760164e+02
6.40000000000e-02	1.56131340240e+02	1.17561398069e+02	1.17514177750e+02
6.50000000000e-02	1.58637365732e+02	1.21838686695e+02	1.21787336864e+02
6.60000000000e-02	1.61145457166e+02	1.26253242964e+02	1.26199855532e+02
6.70000000000e-02	1.63655602203e+02	1.30693094852e+02	1.30639926374e+02
6.80000000000e-02	1.66167788006e+02	1.35087152474e+02	1.35035215843e+02
6.90000000000e-02	1.68682001253e+02	1.39443361965e+02	1.39392036580e+02
7.00000000000e-02	1.71198228147e+02	1.43827026691e+02	1.43774821192e+02
7.10000000000e-02	1.73716454433e+02	1.48302845717e+02	1.48248593995e+02
7.20000000000e-02	1.76236665404e+02	1.52888599961e+02	1.52832132259e+02
7.30000000000e-02	1.78758845918e+02	1.57554281405e+02	1.57496138808e+02
7.40000000000e-02	1.81282980409e+02	1.62261095365e+02	1.62201689739e+02
7.50000000000e-02	1.83809052893e+02	1.67002571377e+02	1.66941640890e+02
7.60000000000e-02	1.86337046986e+02	1.71810532902e+02	1.71747439106e+02
7.70000000000e-02	1.88866945908e+02	1.76720514684e+02	1.76655131300e+02
7.80000000000e-02	1.91398732497e+02	1.81727601646e+02	1.81660938550e+02
7.90000000000e-02	1.93932389220e+02	1.86774141913e+02	1.86707975779e+02
8.00000000000e-02	1.96467898179e+02	1.91785854776e+02	1.91721447806e+02
8.10000000000e-02	1.99005241121e+02	1.96731939376e+02	1.96668780654e+02
8.20000000000e-02	2.01544399453e+02	2.01661137489e+02	2.01596808255e+02
8.30000000000e-02	2.04085354241e+02	2.06679923029e+02	2.06611445534e+02
8.40000000000e-02	2.06628086229e+02	2.11882067915e+02	2.11807953061e+02
8.50000000000e-02	2.09172575842e+02	2.17278222090e+02	2.17199765334e+02
8.60000000000e-02	2.11718803193e+02	2.22778595214e+02	2.22699358127e+02
8.70000000000e-02	2.14266748096e+02	2.28245894648e+02	2.28169548486e+02
8.80000000000e-02	2.16816390072e+02	2.33584808099e+02	2.33512727795e+02
8.90000000000e-02	2.19367708354e+02	2.38806229683e+02	2.38736499796e+02
9.00000000000e-02	2.21920681900e+02	2.44020689253e+02	2.43949265020e+02
9.10000000000e-02	2.24475289395e+02	2.49364934457e+02	2.49288216767e+02
9.20000000000e-02	2.27031509263e+02	2.54912498475e+02	2.54829593743e+02
9.30000000000e-02	2.29589319670e+02	2.60629406687e+02	2.60542569086e+02
9.40000000000e-02	2.32148698535e+02	2.66402995258e+02	2.66316026183e+02
9.50000000000e-02	2.34709623534e+02	2.72120022368e+02	2.72035803473e+02
9.60000000000e-02	2.37272072106e+02	2.77737638048e+02	2.77656496319e+02
9.70000000000e-02	2.39836021463e+02	2.83299896018e+02	2.83219802852e+02
9.80000000000e-02	2.42401448594e+02	2.88894544955e+02	2.88812796538e+02
9.90000000000e-02	2.44968330272e+02	2.94587363281e+02	2.94502395833e+02
1.00000000000e-01	2.47536643058e+02	3.00383239399e+02	3.00295302150e+02
1.01000000000e-01	2.50106363311e+02	3.06237972663e+02	3.06148384010e+02
1.02000000000e-01	2.52677467191e+02	3.12104034735e+02	3.12013853610e+02
1.03000000000e-01	2.55249930665e+02	3.17969388220e+02	3.17878679926e+02
1.04000000000e-01	2.57823729513e+02	3.23858417546e+02	3.23766656798e+02
1.05000000000e-01	2.60398839334e+02	3.29798127998e+02	3.29705232150e+02
1.06000000000e-01	2.62975235551e+02	3.35782434529e+02	3.35689347711e+02
1.07000000000e-01	2.65552893416e+02	3.41768511623e+02	3.41676650688e+02
1.08000000000e-01	2.68131788017e+02	3.47711263105e+02	3.47621171534e+02
1.09000000000e-01	2.70711894278e+02	3.53608111459e+02	3.53518477708e+02
1.10000000000e-01	2.73293186972e+02	3.59514630519e+02	3.59422693743e+02
1.11000000000e-01	2.75875640718e+02	3.65512604979e+02	3.65415925280e+02
1.12000000000e-01	2.78459229991e+02	3.71650141610e+02	3.71548546826e+02
1.13000000000e-01	2.81043929125e+02	3.77898469197e+02	3.77794656365e+02
1.14000000000e-01	2.83629712316e+02	3.84161263898e+02	3.84059381459e+02
1.15000000000e-01	2.86216553630e+02	3.90334801346e+02	3.90237803741e+02
1.16000000000e-01	2.88804427004e+02	3.96378646331e+02	3.96286209111e+02
1.17000000000e-01	2.91393306254e+02	4.02346390601e+02	4.02254909692e+02
1.18000000000e-01	2.93983165074e+02	4.08352824049e+02	4.08257622648e+02
1.19000000000e-01	2.96573977045e+02	4.14498841154e+02	4.14397154765e+02
1.20000000000e-01	2.99165715639e+02	4.20805590117e+02	4.20698322744e+02
1.21000000000e-01	3.01758354218e+02	4.27202787442e+02	4.27093865140e+02
1.22000000000e-01	3.04351866045e+02	4.33577709493e+02	4.33471512412e+02
1.23000000000e-01	3.06946224281e+02	4.39849248143e+02	4.39747894602e+02
1.24000000000e-01	3.09541401995e+02	4.46015815885e+02	4.45918092944e+02
1.25000000000e-01	3.12137372162e+02	4.52146957475e+02	4.52049468641e+02
1.26000000000e-01	3.14734107673e+02	4.58329508048e+02	4.58229062419e+02
1.27000000000e-01	3.17331581331e+02	4.64609606380e+02	4.64505121041e+02
1.28000000000e-01	3.19929765862e+02	4.70970624732e+02	4.70863338866e+02
1.29000000000e-01	3.22528633914e+02	4.77357294065e+02	4.77249422930e+02
1.30000000000e-01	3.25128158060e+02	4.83721937523e+02	4.83614989537e+02
1.31000000000e-01	3.27728310806e+02	4.90055544716e+02	4.89949591743e+02
1.32000000000e-01	3.30329064588e+02	4.96382579438e+02	4.96276847338e+02
1.33000000000e-01	3.32930391781e+02	5.02729256732e+02	5.02623288865e+02
1.34000000000e-01	3.35532264698e+02	5.09095500129e+02	5.08989743510e+02
1.35000000000e-01	3.38134655594e+02	5.15455315379e+02	5.15350578928e+02
1.36000000000e-01	3.40737536672e+02	5.21784549321e+02	5.21680851406e+02
1.37000000000e-01	3.43340880083e+02	5.28090655697e+02	5.27986599611e+02
1.38000000000e-01	3.45944657928e+02	5.34416295784e+02	5.34309739890e+02
1.39000000000e-01	3.48548842264e+02	5.40809858636e+02	5.40699554864e+02
1.40000000000e-01	3.51153405106e+02	5.47284239595e+02	5.47171186948e+02
1.41000000000e-01	3.53758318428e+02	5.53797429498e+02	5.53684725114e+02
1.42000000000e-01	3.56363554168e+02	5.60273938776e+02	5.60164963253e+02
1.43000000000e-01	3.58969084228e+02	5.66655152776e+02	5.66551232761e+02
1.44000000000e-01	3.61574880481e+02	5.72943052578e+02	5.72842285090e+02
1.45000000000e-01	3.64180914769e+02	5.79204119299e+02	5.79102339099e+02
1.46000000000e-01	3.66787158907e+02	5.85527918580e+02	5.85421297132e+02
1.47000000000e-01	3.69393584688e+02	5.91967770678e+02	5.91855330513e+02
1.48000000000e-01	3.72000163883e+02	5.98504640176e+02	5.98388954727e+02
1.49000000000e-01	3.74606868242e+02	6.05059518101e+02	6.04945089498e+02
1.50000000000e-01	3.77213669501e+02	6.11545535438e+02	6.11435939566e+02
1.51000000000e-01	3.79820539380e+02	6.17923546958e+02	6.17819265613e+02
1.52000000000e-01	3.82427449587e+02	6.24223601219e+02	6.24121942687e+02
1.53000000000e-01	3.85034371822e+02	6.30519816354e+02	6.30416854351e+02
1.54000000000e-01	3.87641277775e+02	6.36878856214e+02	6.36771962429e+02
1.55000000000e-01	3.90248139132e+02	6.43318845979e+02	6.43208102249e+02
1.56000000000e-01	3.92854927575e+02	6.49805230880e+02	6.49692925687e+02
1.57000000000e-01	3.95461614787e+02	6.56281906453e+02	6.56170712876e+02
1.58000000000e-01	3.98068172450e+02	6.62711477366e+02	6.62602744019e+02
1.59000000000e-01	4.00674572249e+02	6.69095170847e+02	6.68988477064e+02
1.60000000000e-01	4.03280785875e+02	6.75461411310e+02	6.75355454990e+02
1.61000000000e-01	4.05886785026e+02	6.81836759820e+02	6.81730636980e+02
1.62000000000e-01	4.08492541409e+02	6.88224668080e+02	6.88118442490e+02
1.63000000000e-01	4.11098026740e+02	6.94608306388e+02	6.94502502178e+02
1.64000000000e-01	4.13703212751e+02	7.00972302393e+02	7.00866931967e+02
1.65000000000e-01	4.16308071186e+02	7.07322394708e+02	7.07216535558e+02
1.66000000000e-01	4.18912573806e+02	7.13684370610e+02	7.13576805262e+02
1.67000000000e-01	4.21516692391e+02	7.20081836030e+02	7.19972288405e+02
1.68000000000e-01	4.24120398741e+02	7.26511228439e+02	7.26401107802e+02
1.69000000000e-01	4.26723664676e+02	7.32936394726e+02	7.32828234623e+02
1.70000000000e-01	4.29326462041e+02	7.39310369491e+02	7.39206163074e+02
1.71000000000e-01	4.31928762705e+02	7.45610004942e+02	7.45509597089e+02
1.72000000000e-01	4.34530538565e+02	7.51857257016e+02	7.51758070179e+02
1.73000000000e-01	4.37131761544e+02	7.58109126159e+02	7.58007614275e+02
1.74000000000e-01	4.39732403596e+02	7.64420969366e+02	7.64314922504e+02
1.75000000000e-01	4.42332436708e+02	7.70808215852e+02	7.70698338518e+02
1.76000000000e-01	4.44931832896e+02	7.77233923899e+02	7.77123532481e+02
1.77000000000e-01	4.47530564215e+02	7.83631850500e+02	7.83524818196e+02
1.78000000000e-01	4.50128602752e+02	7.89949571534e+02	7.89847878009e+02
1.79000000000e-01	4.52725920634e+02	7.96182017786e+02	7.96084546726e+02
1.80000000000e-01	4.55322490024e+02	8.02372804839e+02	8.02276166930e+02
1.81000000000e-01	4.57918283128e+02	8.08583588449e+02	8.08484354774e+02
1.82000000000e-01	4.60513272192e+02	8.14853646428e+02	8.14750451987e+02
1.83000000000e-01	4.63107429504e+02	8.21177367357e+02	8.21071521282e+02
1.84000000000e-01	4.65700727397e+02	8.27513171024e+02	8.27407514368e+02
1.85000000000e-01	4.68293138251e+02	8.33814729691e+02	8.33711684144e+02
1.86000000000e-01	4.70884634490e+02	8.40060875021e+02	8.39961071938e+02
1.87000000000e-01	4.73475188587e+02	8.46264030221e+02	8.46166341777e+02
1.88000000000e-01	4.76064773066e+02	8.52454491659e+02	8.52357199592e+02
1.89000000000e-01	4.78653360498e+02	8.58655496667e+02	8.58557566253e+02
1.90000000000e-01	4.81240923508e+02	8.64868774548e+02	8.64770288095e+02
1.91000000000e-01	4.83827434775e+02	8.71079765105e+02	8.70981361522e+02
1.92000000000e-01	4.86412867027e+02	8.77275208592e+02	8.77177196021e+02
1.93000000000e-01	4.88997193053e+02	8.83456607421e+02	8.83358611490e+02
1.94000000000e-01	4.91580385694e+02	8.89637905061e+02	8.89539367616e+02
1.95000000000e-01	4.94162417850e+02	8.95829970421e+02	8.95731010386e+02
1.96000000000e-01	4.96743262478e+02	9.02026154881e+02	9.01927929971e+02
1.97000000000e-01	4.99322892597e+02	9.08202719750e+02	9.08106810210e+02
1.98000000000e-01	5.01901281284e+02	9.14335677801e+02	9.14242852123e+02
1.99000000000e-01	5.04478401678e+02	9.20421465281e+02	9.20330795471e+02
2.00000000000e-01	5.07054226981e+02	9.26484398871e+02	9.26393543503e+02
