# omega [THz]     Re(E_{dir,x}) analytic     Re(E_{dir,x}) QE num     Re(E_{dir}) sin QE num, $\epsilon_1$ = 1, v = c/400 $\mu$m/s, b = -2.00$\mu$m
# plot_fieldE_direct2.2.py
1.00000000000e-03	0.00000000000e+00	0.00000000000e+00	5.71701894493e-14
2.00000000000e-03	0.00000000000e+00	0.00000000000e+00	9.09524197781e-13
3.00000000000e-03	0.00000000000e+00	0.00000000000e+00	4.56080054190e-12
4.00000000000e-03	0.00000000000e+00	0.00000000000e+00	1.42224930391e-11
5.00000000000e-03	0.00000000000e+00	0.00000000000e+00	3.41260398460e-11
6.00000000000e-03	0.00000000000e+00	0.00000000000e+00	6.92683695562e-11
7.00000000000e-03	0.00000000000e+00	0.00000000000e+00	1.25099036637e-10
8.00000000000e-03	0.00000000000e+00	0.00000000000e+00	2.07159180457e-10
9.00000000000e-03	0.00000000000e+00	0.00000000000e+00	3.20684291660e-10
1.00000000000e-02	0.00000000000e+00	0.00000000000e+00	4.70184221556e-10
1.10000000000e-02	0.00000000000e+00	0.00000000000e+00	6.59014985693e-10
1.20000000000e-02	0.00000000000e+00	0.00000000000e+00	8.88957660127e-10
1.30000000000e-02	0.00000000000e+00	0.00000000000e+00	1.15982002422e-09
1.40000000000e-02	0.00000000000e+00	0.00000000000e+00	1.46907655163e-09
1.50000000000e-02	0.00000000000e+00	0.00000000000e+00	1.81156188480e-09
1.60000000000e-02	0.00000000000e+00	0.00000000000e+00	2.17923205010e-09
1.70000000000e-02	0.00000000000e+00	0.00000000000e+00	2.56100639244e-09
1.80000000000e-02	0.00000000000e+00	0.00000000000e+00	2.94270154969e-09
1.90000000000e-02	0.00000000000e+00	0.00000000000e+00	3.30706677873e-09
2.00000000000e-02	0.00000000000e+00	0.00000000000e+00	3.63392762234e-09
2.10000000000e-02	0.00000000000e+00	0.00000000000e+00	3.90044231622e-09
2.20000000000e-02	0.00000000000e+00	0.00000000000e+00	4.08147252835e-09
2.30000000000e-02	0.00000000000e+00	0.00000000000e+00	4.15006705751e-09
2.40000000000e-02	0.00000000000e+00	0.00000000000e+00	4.07805405587e-09
2.50000000000e-02	0.00000000000e+00	0.00000000000e+00	3.83673424890e-09
2.60000000000e-02	0.00000000000e+00	0.00000000000e+00	3.39766457211e-09
2.70000000000e-02	0.00000000000e+00	0.00000000000e+00	2.73351869896e-09
2.80000000000e-02	0.00000000000e+00	0.00000000000e+00	1.81900816583e-09
2.90000000000e-02	0.00000000000e+00	0.00000000000e+00	6.31845276953e-10
3.00000000000e-02	0.00000000000e+00	0.00000000000e+00	-8.46273242160e-10
3.10000000000e-02	0.00000000000e+00	0.00000000000e+00	-2.62868471833e-09
3.20000000000e-02	0.00000000000e+00	0.00000000000e+00	-4.72280542820e-09
3.30000000000e-02	0.00000000000e+00	0.00000000000e+00	-7.12922716566e-09
3.40000000000e-02	0.00000000000e+00	0.00000000000e+00	-9.84089116481e-09
3.50000000000e-02	0.00000000000e+00	0.00000000000e+00	-1.28423649623e-08
3.60000000000e-02	0.00000000000e+00	0.00000000000e+00	-1.61092471195e-08
3.70000000000e-02	0.00000000000e+00	0.00000000000e+00	-1.96077234924e-08
3.80000000000e-02	0.00000000000e+00	0.00000000000e+00	-2.32942969307e-08
3.90000000000e-02	0.00000000000e+00	0.00000000000e+00	-2.71157099267e-08
4.00000000000e-02	0.00000000000e+00	0.00000000000e+00	-3.10090768410e-08
4.10000000000e-02	0.00000000000e+00	0.00000000000e+00	-3.49022389317e-08
4.20000000000e-02	0.00000000000e+00	0.00000000000e+00	-3.87143515732e-08
4.30000000000e-02	0.00000000000e+00	0.00000000000e+00	-4.23567088015e-08
4.40000000000e-02	0.00000000000e+00	0.00000000000e+00	-4.57338057540e-08
4.50000000000e-02	0.00000000000e+00	0.00000000000e+00	-4.87446347378e-08
4.60000000000e-02	0.00000000000e+00	0.00000000000e+00	-5.12842056661e-08
4.70000000000e-02	0.00000000000e+00	0.00000000000e+00	-5.32452765119e-08
4.80000000000e-02	0.00000000000e+00	0.00000000000e+00	-5.45202743589e-08
4.90000000000e-02	0.00000000000e+00	0.00000000000e+00	-5.50033826621e-08
5.00000000000e-02	0.00000000000e+00	0.00000000000e+00	-5.45927655723e-08
5.10000000000e-02	0.00000000000e+00	0.00000000000e+00	-5.31928957279e-08
5.20000000000e-02	0.00000000000e+00	0.00000000000e+00	-5.07169478667e-08
5.30000000000e-02	0.00000000000e+00	0.00000000000e+00	-4.70892170621e-08
5.40000000000e-02	0.00000000000e+00	0.00000000000e+00	-4.22475174190e-08
5.50000000000e-02	0.00000000000e+00	0.00000000000e+00	-3.61455147693e-08
5.60000000000e-02	0.00000000000e+00	0.00000000000e+00	-2.87549453442e-08
5.70000000000e-02	0.00000000000e+00	0.00000000000e+00	-2.00676716428e-08
5.80000000000e-02	0.00000000000e+00	0.00000000000e+00	-1.00975268088e-08
5.90000000000e-02	0.00000000000e+00	0.00000000000e+00	1.11810019732e-09
6.00000000000e-02	0.00000000000e+00	0.00000000000e+00	1.35169844299e-08
6.10000000000e-02	0.00000000000e+00	0.00000000000e+00	2.70111328574e-08
6.20000000000e-02	0.00000000000e+00	0.00000000000e+00	4.14862395319e-08
6.30000000000e-02	0.00000000000e+00	0.00000000000e+00	5.68015628054e-08
6.40000000000e-02	0.00000000000e+00	0.00000000000e+00	7.27902537765e-08
6.50000000000e-02	0.00000000000e+00	0.00000000000e+00	8.92601589886e-08
6.60000000000e-02	0.00000000000e+00	0.00000000000e+00	1.05995113425e-07
6.70000000000e-02	0.00000000000e+00	0.00000000000e+00	1.22756732271e-07
6.80000000000e-02	0.00000000000e+00	0.00000000000e+00	1.39286701810e-07
6.90000000000e-02	0.00000000000e+00	0.00000000000e+00	1.55309561293e-07
7.00000000000e-02	0.00000000000e+00	0.00000000000e+00	1.70535958846e-07
7.10000000000e-02	0.00000000000e+00	0.00000000000e+00	1.84666355496e-07
7.20000000000e-02	0.00000000000e+00	0.00000000000e+00	1.97395142479e-07
7.30000000000e-02	0.00000000000e+00	0.00000000000e+00	2.08415128164e-07
7.40000000000e-02	0.00000000000e+00	0.00000000000e+00	2.17422342415e-07
7.50000000000e-02	0.00000000000e+00	0.00000000000e+00	2.24121098191e-07
7.60000000000e-02	0.00000000000e+00	0.00000000000e+00	2.28229242685e-07
7.70000000000e-02	0.00000000000e+00	0.00000000000e+00	2.29483523652e-07
7.80000000000e-02	0.00000000000e+00	0.00000000000e+00	2.27644990755e-07
7.90000000000e-02	0.00000000000e+00	0.00000000000e+00	2.22504346996e-07
8.00000000000e-02	0.00000000000e+00	0.00000000000e+00	2.13887161677e-07
8.10000000000e-02	0.00000000000e+00	0.00000000000e+00	2.01658854008e-07
8.20000000000e-02	0.00000000000e+00	0.00000000000e+00	1.85729355440e-07
8.30000000000e-02	0.00000000000e+00	0.00000000000e+00	1.66057359243e-07
8.40000000000e-02	0.00000000000e+00	0.00000000000e+00	1.42654067763e-07
8.50000000000e-02	0.00000000000e+00	0.00000000000e+00	1.15586351179e-07
8.60000000000e-02	0.00000000000e+00	0.00000000000e+00	8.49792365362e-08
8.70000000000e-02	0.00000000000e+00	0.00000000000e+00	5.10176522772e-08
8.80000000000e-02	0.00000000000e+00	0.00000000000e+00	1.39473613836e-08
8.90000000000e-02	0.00000000000e+00	0.00000000000e+00	-2.59249744195e-08
9.00000000000e-02	0.00000000000e+00	0.00000000000e+00	-6.82326463229e-08
9.10000000000e-02	0.00000000000e+00	0.00000000000e+00	-1.12550701035e-07
9.20000000000e-02	0.00000000000e+00	0.00000000000e+00	-1.58398716491e-07
9.30000000000e-02	0.00000000000e+00	0.00000000000e+00	-2.05244559008e-07
9.40000000000e-02	0.00000000000e+00	0.00000000000e+00	-2.52509115645e-07
9.50000000000e-02	0.00000000000e+00	0.00000000000e+00	-2.99571980407e-07
9.60000000000e-02	0.00000000000e+00	0.00000000000e+00	-3.45778057497e-07
9.70000000000e-02	0.00000000000e+00	0.00000000000e+00	-3.90445029220e-07
9.80000000000e-02	0.00000000000e+00	0.00000000000e+00	-4.32871620709e-07
9.90000000000e-02	0.00000000000e+00	0.00000000000e+00	-4.72346578555e-07
1.00000000000e-01	0.00000000000e+00	0.00000000000e+00	-5.08158265911e-07
1.01000000000e-01	0.00000000000e+00	0.00000000000e+00	-5.39604763002e-07
1.02000000000e-01	0.00000000000e+00	0.00000000000e+00	-5.66004349402e-07
1.03000000000e-01	0.00000000000e+00	0.00000000000e+00	-5.86706233180e-07
1.04000000000e-01	0.00000000000e+00	0.00000000000e+00	-6.01101382297e-07
1.05000000000e-01	0.00000000000e+00	0.00000000000e+00	-6.08633305653e-07
1.06000000000e-01	0.00000000000e+00	0.00000000000e+00	-6.08808625103e-07
1.07000000000e-01	0.00000000000e+00	0.00000000000e+00	-6.01207275831e-07
1.08000000000e-01	0.00000000000e+00	0.00000000000e+00	-5.85492170668e-07
1.09000000000e-01	0.00000000000e+00	0.00000000000e+00	-5.61418164589e-07
1.10000000000e-01	0.00000000000e+00	0.00000000000e+00	-5.28840158597e-07
1.11000000000e-01	0.00000000000e+00	0.00000000000e+00	-4.87720187717e-07
1.12000000000e-01	0.00000000000e+00	0.00000000000e+00	-4.38133345747e-07
1.13000000000e-01	0.00000000000e+00	0.00000000000e+00	-3.80272409884e-07
1.14000000000e-01	0.00000000000e+00	0.00000000000e+00	-3.14451041110e-07
1.15000000000e-01	0.00000000000e+00	0.00000000000e+00	-2.41105451378e-07
1.16000000000e-01	0.00000000000e+00	0.00000000000e+00	-1.60794445927e-07
1.17000000000e-01	0.00000000000e+00	0.00000000000e+00	-7.41977683291e-08
1.18000000000e-01	0.00000000000e+00	0.00000000000e+00	1.78873030397e-08
1.19000000000e-01	0.00000000000e+00	0.00000000000e+00	1.14551135751e-07
1.20000000000e-01	0.00000000000e+00	0.00000000000e+00	2.14778706044e-07
1.21000000000e-01	0.00000000000e+00	0.00000000000e+00	3.17458323314e-07
1.22000000000e-01	0.00000000000e+00	0.00000000000e+00	4.21392070578e-07
1.23000000000e-01	0.00000000000e+00	0.00000000000e+00	5.25307889199e-07
1.24000000000e-01	0.00000000000e+00	0.00000000000e+00	6.27873210245e-07
1.25000000000e-01	0.00000000000e+00	0.00000000000e+00	7.27710009337e-07
1.26000000000e-01	0.00000000000e+00	0.00000000000e+00	8.23411137119e-07
1.27000000000e-01	0.00000000000e+00	0.00000000000e+00	9.13557753862e-07
1.28000000000e-01	0.00000000000e+00	0.00000000000e+00	9.96737674655e-07
1.29000000000e-01	0.00000000000e+00	0.00000000000e+00	1.07156441144e-06
1.30000000000e-01	0.00000000000e+00	0.00000000000e+00	1.13669668018e-06
1.31000000000e-01	0.00000000000e+00	0.00000000000e+00	1.19085812607e-06
1.32000000000e-01	0.00000000000e+00	0.00000000000e+00	1.23285700720e-06
1.33000000000e-01	0.00000000000e+00	0.00000000000e+00	1.26160556756e-06
1.34000000000e-01	0.00000000000e+00	0.00000000000e+00	1.27613882453e-06
1.35000000000e-01	0.00000000000e+00	0.00000000000e+00	1.27563249332e-06
1.36000000000e-01	0.00000000000e+00	0.00000000000e+00	1.25941977234e-06
1.37000000000e-01	0.00000000000e+00	0.00000000000e+00	1.22700671846e-06
1.38000000000e-01	0.00000000000e+00	0.00000000000e+00	1.17808595042e-06
1.39000000000e-01	0.00000000000e+00	0.00000000000e+00	1.11254843146e-06
1.40000000000e-01	0.00000000000e+00	0.00000000000e+00	1.03049309908e-06
1.41000000000e-01	0.00000000000e+00	0.00000000000e+00	9.32234130647e-07
1.42000000000e-01	0.00000000000e+00	0.00000000000e+00	8.18305657584e-07
1.43000000000e-01	0.00000000000e+00	0.00000000000e+00	6.89463768497e-07
1.44000000000e-01	0.00000000000e+00	0.00000000000e+00	5.46685672505e-07
1.45000000000e-01	0.00000000000e+00	0.00000000000e+00	3.91165927376e-07
1.46000000000e-01	0.00000000000e+00	0.00000000000e+00	2.24309673174e-07
1.47000000000e-01	0.00000000000e+00	0.00000000000e+00	4.77228500970e-08
1.48000000000e-01	0.00000000000e+00	0.00000000000e+00	-1.36800581194e-07
1.49000000000e-01	0.00000000000e+00	0.00000000000e+00	-3.27294357796e-07
1.50000000000e-01	0.00000000000e+00	0.00000000000e+00	-5.21638471076e-07
1.51000000000e-01	0.00000000000e+00	0.00000000000e+00	-7.17580419938e-07
1.52000000000e-01	0.00000000000e+00	0.00000000000e+00	-9.12758978497e-07
1.53000000000e-01	0.00000000000e+00	0.00000000000e+00	-1.10473025616e-06
1.54000000000e-01	0.00000000000e+00	0.00000000000e+00	-1.29099579003e-06
1.55000000000e-01	0.00000000000e+00	0.00000000000e+00	-1.46903237377e-06
1.56000000000e-01	0.00000000000e+00	0.00000000000e+00	-1.63632329396e-06
1.57000000000e-01	0.00000000000e+00	0.00000000000e+00	-1.79039061540e-06
1.58000000000e-01	0.00000000000e+00	0.00000000000e+00	-1.92882813065e-06
1.59000000000e-01	0.00000000000e+00	0.00000000000e+00	-2.04933456758e-06
1.60000000000e-01	0.00000000000e+00	0.00000000000e+00	-2.14974663177e-06
1.61000000000e-01	0.00000000000e+00	0.00000000000e+00	-2.22807144858e-06
1.62000000000e-01	0.00000000000e+00	0.00000000000e+00	-2.28251796319e-06
1.63000000000e-01	0.00000000000e+00	0.00000000000e+00	-2.31152685610e-06
1.64000000000e-01	0.00000000000e+00	0.00000000000e+00	-2.31379853645e-06
1.65000000000e-01	0.00000000000e+00	0.00000000000e+00	-2.28831878626e-06
1.66000000000e-01	0.00000000000e+00	0.00000000000e+00	-2.23438164559e-06
1.67000000000e-01	0.00000000000e+00	0.00000000000e+00	-2.15160915126e-06
1.68000000000e-01	0.00000000000e+00	0.00000000000e+00	-2.03996757037e-06
1.69000000000e-01	0.00000000000e+00	0.00000000000e+00	-1.89977980368e-06
1.70000000000e-01	0.00000000000e+00	0.00000000000e+00	-1.73173367358e-06
1.71000000000e-01	0.00000000000e+00	0.00000000000e+00	-1.53688585563e-06
1.72000000000e-01	0.00000000000e+00	0.00000000000e+00	-1.31666126120e-06
1.73000000000e-01	0.00000000000e+00	0.00000000000e+00	-1.07284773206e-06
1.74000000000e-01	0.00000000000e+00	0.00000000000e+00	-8.07585963466e-07
1.75000000000e-01	0.00000000000e+00	0.00000000000e+00	-5.23354631761e-07
1.76000000000e-01	0.00000000000e+00	0.00000000000e+00	-2.22950763227e-07
1.77000000000e-01	0.00000000000e+00	0.00000000000e+00	9.05345563539e-08
1.78000000000e-01	0.00000000000e+00	0.00000000000e+00	4.13744969124e-07
1.79000000000e-01	0.00000000000e+00	0.00000000000e+00	7.43091904423e-07
1.80000000000e-01	0.00000000000e+00	0.00000000000e+00	1.07479162307e-06
1.81000000000e-01	0.00000000000e+00	0.00000000000e+00	1.40490589999e-06
1.82000000000e-01	0.00000000000e+00	0.00000000000e+00	1.72938594152e-06
1.83000000000e-01	0.00000000000e+00	0.00000000000e+00	2.04411908000e-06
1.84000000000e-01	0.00000000000e+00	0.00000000000e+00	2.34497773934e-06
1.85000000000e-01	0.00000000000e+00	0.00000000000e+00	2.62787012090e-06
1.86000000000e-01	0.00000000000e+00	0.00000000000e+00	2.88879202092e-06
1.87000000000e-01	0.00000000000e+00	0.00000000000e+00	3.12387915887e-06
1.88000000000e-01	0.00000000000e+00	0.00000000000e+00	3.32945937134e-06
1.89000000000e-01	0.00000000000e+00	0.00000000000e+00	3.50210400894e-06
1.90000000000e-01	0.00000000000e+00	0.00000000000e+00	3.63867786461e-06
1.91000000000e-01	0.00000000000e+00	0.00000000000e+00	3.73638696072e-06
1.92000000000e-01	0.00000000000e+00	0.00000000000e+00	3.79282353039e-06
1.93000000000e-01	0.00000000000e+00	0.00000000000e+00	3.80600754463e-06
1.94000000000e-01	0.00000000000e+00	0.00000000000e+00	3.77442416243e-06
1.95000000000e-01	0.00000000000e+00	0.00000000000e+00	3.69705651452e-06
1.96000000000e-01	0.00000000000e+00	0.00000000000e+00	3.57341327408e-06
1.97000000000e-01	0.00000000000e+00	0.00000000000e+00	3.40355051780e-06
1.98000000000e-01	0.00000000000e+00	0.00000000000e+00	3.18808743926e-06
1.99000000000e-01	0.00000000000e+00	0.00000000000e+00	2.92821554145e-06
2.00000000000e-01	0.00000000000e+00	0.00000000000e+00	2.62570100735e-06
