# E_{ref,x} num, $\epsilon_1$ = 1, v = c/400 $\mu$m/s, x = 1$\mu$m, y = 1$\mu$m, b = -3.00$\mu$m
# $\epsilon_2$ = 1, $\hbar\mu$ = 0.70eV, $\hbar\gamma$ = 0.0001eV, $z_p=2.00\mu$m, z = 1$\mu$m
1.97215614805e-10
-6.37479871736e-09
-1.55578761845e-07
-1.20012438154e-06
-5.55998812267e-06
-1.89364078554e-05
-5.22827272162e-05
-1.23764090210e-04
-2.60259320438e-04
-4.97980507375e-04
-8.81906606131e-04
-1.46392476892e-03
-2.29980989119e-03
-3.44540351248e-03
-4.95253261927e-03
-6.86530058268e-03
-9.21736535533e-03
-1.20306924277e-02
-1.53160500565e-02
-1.90752369773e-02
-2.33047442506e-02
-2.80003022516e-02
-3.31615950574e-02
-3.87963687260e-02
-4.49232300653e-02
-5.15726206243e-02
-5.87857292653e-02
-6.66114328160e-02
-7.51016763278e-02
-8.43059704096e-02
-9.42658489994e-02
-1.05010168002e-01
-1.16552024645e-01
-1.28887851938e-01
-1.41998924867e-01
-1.55855152374e-01
-1.70420676896e-01
-1.85660515614e-01
-2.01547299503e-01
-2.18067126727e-01
-2.35223653787e-01
-2.53039787084e-01
-2.71556674979e-01
-2.90830086783e-01
-3.10924643522e-01
-3.31906679742e-01
-3.53836719298e-01
-3.76762610331e-01
-4.00714275925e-01
-4.25700809507e-01
-4.51710310908e-01
-4.78712468476e-01
-5.06663501379e-01
-5.35512741046e-01
-5.65209899942e-01
-5.95711982620e-01
-6.26988851292e-01
-6.59026657038e-01
-6.91828659039e-01
-7.25413332384e-01
-7.59810055446e-01
-7.95053014386e-01
-8.31174215640e-01
-8.68196621751e-01
-9.06128404669e-01
-9.44959147967e-01
-9.84658549558e-01
-1.02517782034e+00
-1.06645359297e+00
-1.10841380298e+00
-1.15098473130e+00
-1.19409824053e+00
-1.23769821774e+00
-1.28174535580e+00
-1.32621964386e+00
-1.37112026126e+00
-1.41646293114e+00
-1.46227513857e+00
-1.50858990511e+00
-1.55543899830e+00
-1.60284651522e+00
-1.65082370920e+00
-1.69936573872e+00
-1.74845073710e+00
-1.79804127119e+00
-1.84808792409e+00
-1.89853444753e+00
-1.94932372317e+00
-2.00040367624e+00
-2.05173231046e+00
-2.10328117357e+00
-2.15503679739e+00
-2.20699994865e+00
-2.25918283653e+00
-2.31160470534e+00
-2.36428645822e+00
-2.41724508025e+00
-2.47048864315e+00
-2.52401257852e+00
-2.57779771815e+00
-2.63181034651e+00
-2.68600422910e+00
-2.74032430956e+00
-2.79471154657e+00
-2.84910821726e+00
-2.90346296535e+00
-2.95773492454e+00
-3.01189638953e+00
-3.06593371853e+00
-3.11984639971e+00
-3.17364446552e+00
-3.22734465800e+00
-3.28096590623e+00
-3.33452475341e+00
-3.38803135796e+00
-3.44148659433e+00
-3.49488061166e+00
-3.54819299593e+00
-3.60139445569e+00
-3.65444974310e+00
-3.70732135998e+00
-3.75997350309e+00
-3.81237568576e+00
-3.86450553394e+00
-3.91635038318e+00
-3.96790747958e+00
-4.01918278601e+00
-4.07018858786e+00
-4.12094025312e+00
-4.17145260885e+00
-4.22173643713e+00
-4.27179556436e+00
-4.32162492438e+00
-4.37120983385e+00
-4.42052654703e+00
-4.46954398223e+00
-4.51822635793e+00
-4.56653636139e+00
-4.61443841345e+00
-4.66190159508e+00
-4.70890186181e+00
-4.75542328173e+00
-4.80145817490e+00
-4.84700618514e+00
-4.89207245937e+00
-4.93666522486e+00
-4.98079312550e+00
-5.02446269817e+00
-5.06767633613e+00
-5.11043100690e+00
-5.15271787762e+00
-5.19452287040e+00
-5.23582804005e+00
-5.27661355635e+00
-5.31685999600e+00
-5.35655061504e+00
-5.39567328620e+00
-5.43422183898e+00
-5.47219663117e+00
-5.50960428951e+00
-5.54645667225e+00
-5.58276921002e+00
-5.61855886073e+00
-5.65384195855e+00
-5.68863224195e+00
-5.72293931189e+00
-5.75676770461e+00
-5.79011667407e+00
-5.82298068016e+00
-5.85535048422e+00
-5.88721467520e+00
-5.91856139936e+00
-5.94938004788e+00
-5.97966267278e+00
-6.00940494856e+00
-6.03860656603e+00
-6.06727102795e+00
-6.09540489914e+00
-6.12301663718e+00
-6.15011518264e+00
-6.17670851469e+00
-6.20280237511e+00
-6.22839933364e+00
-6.25349831485e+00
-6.27809463913e+00
-6.30218055857e+00
-6.32574620152e+00
-6.34878078681e+00
-6.37127393688e+00
-6.39321691138e+00
-6.41460360001e+00
-6.43543115144e+00
-6.45570016889e+00
-6.47541446374e+00
-6.49458041870e+00
-6.51320606213e+00
-6.53129999062e+00
-6.54887029126e+00
-6.56592360931e+00
-6.58246448109e+00
