# E_{ref,x} num, $\epsilon_1$ = 1, v = c/400 $\mu$m/s, x = 1$\mu$m, y = 1$\mu$m, b = -2.00$\mu$m
# $\epsilon_2$ = 1, $\hbar\mu$ = 0.70eV, $\hbar\gamma$ = 0.0001eV, $z_p=2.00\mu$m, z = 1$\mu$m
-1.85834696753e-05
-2.90441431017e-04
-1.42599088501e-03
-4.34033774532e-03
-1.01363590452e-02
-1.99771052230e-02
-3.49645730541e-02
-5.60403402757e-02
-8.39198366558e-02
-1.19066760781e-01
-1.61708148754e-01
-2.11884752253e-01
-2.69526530052e-01
-3.34539869312e-01
-4.06892038688e-01
-4.86679428916e-01
-5.74169135222e-01
-6.69807880571e-01
-7.74197475198e-01
-8.88041171999e-01
-1.01206965226e+00
-1.14695833996e+00
-1.29324889633e+00
-1.45128696311e+00
-1.62118566312e+00
-1.80282044395e+00
-1.99585616725e+00
-2.19980260201e+00
-2.41409036760e+00
-2.63815647783e+00
-2.87152735803e+00
-3.11388769985e+00
-3.36512567943e+00
-3.62534855390e+00
-3.89486694228e+00
-4.17415056054e+00
-4.46376217406e+00
-4.76427949099e+00
-5.07621624324e+00
-5.39995359742e+00
-5.73569135015e+00
-6.08342536129e+00
-6.44295381557e+00
-6.81391074353e+00
-7.19582137281e+00
-7.58817086300e+00
-7.99047621455e+00
-8.40235086055e+00
-8.82355266355e+00
-9.25400854814e+00
-9.69381242667e+00
-1.01431969197e+01
-1.06024830848e+01
-1.10720154280e+01
-1.15520914606e+01
-1.20428957235e+01
-1.25444474590e+01
-1.30565691004e+01
-1.35788797716e+01
-1.41108144819e+01
-1.46516661577e+01
-1.52006445740e+01
-1.57569440364e+01
-1.63198106944e+01
-1.68886004465e+01
-1.74628201553e+01
-1.80421470978e+01
-1.86264248344e+01
-1.92156369150e+01
-1.98098628649e+01
-2.04092232176e+01
-2.10138216963e+01
-2.16236928257e+01
-2.22387622785e+01
-2.28588252949e+01
-2.34835458512e+01
-2.41124762771e+01
-2.47450941582e+01
-2.53808509970e+01
-2.60192255638e+01
-2.66597743439e+01
-2.73021720219e+01
-2.79462364521e+01
-2.85919348017e+01
-2.92393702092e+01
-2.98887509843e+01
-3.05403467267e+01
-3.11944374416e+01
-3.18512625525e+01
-3.25109765784e+01
-3.31736171784e+01
-3.38390894543e+01
-3.45071680957e+01
-3.51775164953e+01
-3.58497196780e+01
-3.65233261039e+01
-3.71978923390e+01
-3.78730243747e+01
-3.85484100237e+01
-3.92238382106e+01
-3.98992029062e+01
-4.05744916375e+01
-4.12497606428e+01
-4.19251005345e+01
-4.26005975421e+01
-4.32762958936e+01
-4.39521665924e+01
-4.46280868367e+01
-4.53038327510e+01
-4.59790862028e+01
-4.66534545157e+01
-4.73265001451e+01
-4.79977760819e+01
-4.86668620669e+01
-4.93333967008e+01
-4.99971012170e+01
-5.06577919226e+01
-5.13153799339e+01
-5.19698585927e+01
-5.26212806183e+01
-5.32697283855e+01
-5.39152815612e+01
-5.45579865724e+01
-5.51978320012e+01
-5.58347330793e+01
-5.64685271231e+01
-5.70989802070e+01
-5.77258038349e+01
-5.83486787536e+01
-5.89672841182e+01
-5.95813238458e+01
-6.01905519212e+01
-6.07947893510e+01
-6.13939322750e+01
-6.19879501594e+01
-6.25768746467e+01
-6.31607812321e+01
-6.37397645884e+01
-6.43139159242e+01
-6.48832991198e+01
-6.54479337532e+01
-6.60077852459e+01
-6.65627636310e+01
-6.71127308896e+01
-6.76575156203e+01
-6.81969328323e+01
-6.87308059981e+01
-6.92589883267e+01
-6.97813801475e+01
-7.02979404261e+01
-7.08086906546e+01
-7.13137110040e+01
-7.18131286368e+01
-7.23071016500e+01
-7.27957986359e+01
-7.32793782549e+01
-7.37579708586e+01
-7.42316645736e+01
-7.47004974752e+01
-7.51644566011e+01
-7.56234836035e+01
-7.60774859451e+01
-7.65263518304e+01
-7.69699666234e+01
-7.74082283784e+01
-7.78410603227e+01
-7.82684186273e+01
-7.86902945132e+01
-7.91067105611e+01
-7.95177119060e+01
-7.99233536930e+01
-8.03236866570e+01
-8.07187429041e+01
-8.11085237818e+01
-8.14929922342e+01
-8.18720687850e+01
-8.22456342742e+01
-8.26135368708e+01
-8.29756032568e+01
-8.33316521632e+01
-8.36815093407e+01
-8.40250200421e+01
-8.43620600102e+01
-8.46925419226e+01
-8.50164173507e+01
-8.53336741326e+01
-8.56443297781e+01
-8.59484220342e+01
-8.62459980756e+01
-8.65371039105e+01
-8.68217754943e+01
-8.71000327486e+01
-8.73718772302e+01
-8.76372936567e+01
-8.78962549491e+01
-8.81487299648e+01
-8.83946927423e+01
-8.86341318963e+01
-8.88670588117e+01
-8.90935134833e+01
