# E_{dir,x} QE num, $\epsilon_1$ = 1, v = c/400 $\mu$m/s, x = 0$\mu$m, y = 0$\mu$m, 
# b = -2.00$\mu$m, z = 0$\mu$m, plot_fieldE_direct2.2.py
4.93971914839e-04
7.38894304666e-03
3.38882784608e-02
9.45138445234e-02
1.99790670319e-01
3.55124759705e-01
5.63662151470e-01
8.30191651903e-01
1.16288846253e+00
1.57183676029e+00
2.06594081450e+00
2.65091862732e+00
3.32987461207e+00
4.10564194859e+00
4.98265260119e+00
5.96667519563e+00
7.06276787309e+00
8.27345548979e+00
9.59901215078e+00
1.10398950291e+01
1.25993779842e+01
1.42840007689e+01
1.61010525380e+01
1.80547339165e+01
2.01439336116e+01
2.23635801312e+01
2.47089200698e+01
2.71797899387e+01
2.97817724482e+01
3.25232765880e+01
3.54105028674e+01
3.84437910140e+01
4.16178586586e+01
4.49256629748e+01
4.83630991769e+01
5.19313034706e+01
5.56351954537e+01
5.94796162745e+01
6.34659768350e+01
6.75916700882e+01
7.18522684383e+01
7.62444954757e+01
8.07676362770e+01
8.54225419752e+01
9.02093984652e+01
9.51263416041e+01
1.00170141399e+02
1.05338319736e+02
1.10630769176e+02
1.16049283519e+02
1.21595132208e+02
1.27266519968e+02
1.33058061559e+02
1.38962967551e+02
1.44976545107e+02
1.51098485875e+02
1.57332160517e+02
1.63681263404e+02
1.70146091168e+02
1.76722050263e+02
1.83401428837e+02
1.90177175419e+02
1.97046064616e+02
2.04009153285e+02
2.11069401986e+02
2.18228288301e+02
2.25483782808e+02
2.32830896380e+02
2.40264093330e+02
2.47779637414e+02
2.55376231061e+02
2.63053771736e+02
2.70811485318e+02
2.78647016703e+02
2.86557106208e+02
2.94539098342e+02
3.02591851453e+02
3.10715166719e+02
3.18908153300e+02
3.27167915849e+02
3.35489784062e+02
3.43869107193e+02
3.52303345699e+02
3.60792839398e+02
3.69339534401e+02
3.77944456074e+02
3.86605690570e+02
3.95318333723e+02
4.04076487260e+02
4.12875933160e+02
4.21715651715e+02
4.30597190402e+02
4.39522406310e+02
4.48491192655e+02
4.57500706461e+02
4.66546469650e+02
4.75624398170e+02
4.84732273254e+02
4.93869730210e+02
5.03037003330e+02
5.12233528256e+02
5.21457456094e+02
5.30706296727e+02
5.39977991634e+02
5.49271439758e+02
5.58586039033e+02
5.67920682780e+02
5.77273135855e+02
5.86640415834e+02
5.96019965136e+02
6.05410702131e+02
6.14813056504e+02
6.24227838245e+02
6.33654697266e+02
6.43091298470e+02
6.52533864398e+02
6.61978760099e+02
6.71424033552e+02
6.80869843106e+02
6.90317487721e+02
6.99767731708e+02
7.09219579843e+02
7.18670296468e+02
7.28116564763e+02
7.37555912683e+02
7.46987426778e+02
7.56411362360e+02
7.65828065638e+02
7.75237053059e+02
7.84636868675e+02
7.94025688226e+02
8.03402084517e+02
8.12765322383e+02
8.22115004519e+02
8.31450447300e+02
8.40770375925e+02
8.50073235970e+02
8.59357876892e+02
8.68624020835e+02
8.77872070838e+02
8.87102331884e+02
8.96314207189e+02
9.05505999088e+02
9.14675520985e+02
9.23821125191e+02
9.32942424551e+02
9.42040184749e+02
9.51115447966e+02
9.60168490836e+02
9.69198327836e+02
9.78203075210e+02
9.87180887010e+02
9.96130800058e+02
1.00505293283e+03
1.01394796969e+03
1.02281635708e+03
1.03165778978e+03
1.04047129417e+03
1.04925575470e+03
1.05801043240e+03
1.06673509407e+03
1.07542971991e+03
1.08409409365e+03
1.09272764273e+03
1.10132965516e+03
1.10989966628e+03
1.11843765745e+03
1.12694386127e+03
1.13541829888e+03
1.14386041434e+03
1.15226912289e+03
1.16064328265e+03
1.16898226744e+03
1.17728621971e+03
1.18555577966e+03
1.19379146241e+03
1.20199311258e+03
1.21015981429e+03
1.21829031332e+03
1.22638365185e+03
1.23443958069e+03
1.24245848801e+03
1.25044092958e+03
1.25838711040e+03
1.26629666858e+03
1.27416886886e+03
1.28200301746e+03
1.28979877937e+03
1.29755619154e+03
1.30527541623e+03
1.31295646663e+03
1.32059912704e+03
1.32820310670e+03
1.33576826753e+03
1.34329471173e+03
1.35078264204e+03
1.35823210760e+03
1.36564285500e+03
1.37301442997e+03
1.38034647642e+03
