# $\epsilon_1$ = 1, v = c/400 $\mu$m/s, x = 0$\mu$m, y = 0$\mu$m, 
# b = -2.00$\mu$m, z = 0$\mu$m, plot_fieldE_direct2.2.py
1.00000000000e-03
2.00000000000e-03
3.00000000000e-03
4.00000000000e-03
5.00000000000e-03
6.00000000000e-03
7.00000000000e-03
8.00000000000e-03
9.00000000000e-03
1.00000000000e-02
1.10000000000e-02
1.20000000000e-02
1.30000000000e-02
1.40000000000e-02
1.50000000000e-02
1.60000000000e-02
1.70000000000e-02
1.80000000000e-02
1.90000000000e-02
2.00000000000e-02
2.10000000000e-02
2.20000000000e-02
2.30000000000e-02
2.40000000000e-02
2.50000000000e-02
2.60000000000e-02
2.70000000000e-02
2.80000000000e-02
2.90000000000e-02
3.00000000000e-02
3.10000000000e-02
3.20000000000e-02
3.30000000000e-02
3.40000000000e-02
3.50000000000e-02
3.60000000000e-02
3.70000000000e-02
3.80000000000e-02
3.90000000000e-02
4.00000000000e-02
4.10000000000e-02
4.20000000000e-02
4.30000000000e-02
4.40000000000e-02
4.50000000000e-02
4.60000000000e-02
4.70000000000e-02
4.80000000000e-02
4.90000000000e-02
5.00000000000e-02
5.10000000000e-02
5.20000000000e-02
5.30000000000e-02
5.40000000000e-02
5.50000000000e-02
5.60000000000e-02
5.70000000000e-02
5.80000000000e-02
5.90000000000e-02
6.00000000000e-02
6.10000000000e-02
6.20000000000e-02
6.30000000000e-02
6.40000000000e-02
6.50000000000e-02
6.60000000000e-02
6.70000000000e-02
6.80000000000e-02
6.90000000000e-02
7.00000000000e-02
7.10000000000e-02
7.20000000000e-02
7.30000000000e-02
7.40000000000e-02
7.50000000000e-02
7.60000000000e-02
7.70000000000e-02
7.80000000000e-02
7.90000000000e-02
8.00000000000e-02
8.10000000000e-02
8.20000000000e-02
8.30000000000e-02
8.40000000000e-02
8.50000000000e-02
8.60000000000e-02
8.70000000000e-02
8.80000000000e-02
8.90000000000e-02
9.00000000000e-02
9.10000000000e-02
9.20000000000e-02
9.30000000000e-02
9.40000000000e-02
9.50000000000e-02
9.60000000000e-02
9.70000000000e-02
9.80000000000e-02
9.90000000000e-02
1.00000000000e-01
1.01000000000e-01
1.02000000000e-01
1.03000000000e-01
1.04000000000e-01
1.05000000000e-01
1.06000000000e-01
1.07000000000e-01
1.08000000000e-01
1.09000000000e-01
1.10000000000e-01
1.11000000000e-01
1.12000000000e-01
1.13000000000e-01
1.14000000000e-01
1.15000000000e-01
1.16000000000e-01
1.17000000000e-01
1.18000000000e-01
1.19000000000e-01
1.20000000000e-01
1.21000000000e-01
1.22000000000e-01
1.23000000000e-01
1.24000000000e-01
1.25000000000e-01
1.26000000000e-01
1.27000000000e-01
1.28000000000e-01
1.29000000000e-01
1.30000000000e-01
1.31000000000e-01
1.32000000000e-01
1.33000000000e-01
1.34000000000e-01
1.35000000000e-01
1.36000000000e-01
1.37000000000e-01
1.38000000000e-01
1.39000000000e-01
1.40000000000e-01
1.41000000000e-01
1.42000000000e-01
1.43000000000e-01
1.44000000000e-01
1.45000000000e-01
1.46000000000e-01
1.47000000000e-01
1.48000000000e-01
1.49000000000e-01
1.50000000000e-01
1.51000000000e-01
1.52000000000e-01
1.53000000000e-01
1.54000000000e-01
1.55000000000e-01
1.56000000000e-01
1.57000000000e-01
1.58000000000e-01
1.59000000000e-01
1.60000000000e-01
1.61000000000e-01
1.62000000000e-01
1.63000000000e-01
1.64000000000e-01
1.65000000000e-01
1.66000000000e-01
1.67000000000e-01
1.68000000000e-01
1.69000000000e-01
1.70000000000e-01
1.71000000000e-01
1.72000000000e-01
1.73000000000e-01
1.74000000000e-01
1.75000000000e-01
1.76000000000e-01
1.77000000000e-01
1.78000000000e-01
1.79000000000e-01
1.80000000000e-01
1.81000000000e-01
1.82000000000e-01
1.83000000000e-01
1.84000000000e-01
1.85000000000e-01
1.86000000000e-01
1.87000000000e-01
1.88000000000e-01
1.89000000000e-01
1.90000000000e-01
1.91000000000e-01
1.92000000000e-01
1.93000000000e-01
1.94000000000e-01
1.95000000000e-01
1.96000000000e-01
1.97000000000e-01
1.98000000000e-01
1.99000000000e-01
2.00000000000e-01
