# E_{dir,x} num, $\epsilon_1$ = 1, v = c/400 $\mu$m/s, x = 0$\mu$m, y = 0$\mu$m, 
# b = -2.00$\mu$m, z = 0$\mu$m, plot_fieldE_direct2.2.py
5.71701895309e-14
9.09524202955e-13
4.56080059980e-12
1.42224933565e-11
3.41260410184e-11
6.92683729185e-11
1.25099044711e-10
2.07159197427e-10
3.20684323773e-10
4.70184277289e-10
6.59015075504e-10
8.88957795552e-10
1.15982021608e-09
1.46907680709e-09
1.81156220298e-09
2.17923241611e-09
2.56100676952e-09
2.94270186942e-09
3.30706692924e-09
3.63392743457e-09
3.90044154840e-09
4.08147084909e-09
4.15006402784e-09
4.07804911101e-09
3.83672668039e-09
3.39765351134e-09
2.73350310313e-09
1.81898680757e-09
6.31816738845e-10
-8.46310566688e-10
-2.62873261644e-09
-4.72286584993e-09
-7.12930219586e-09
-9.84098298340e-09
-1.28424757919e-08
-1.61093791598e-08
-1.96078788404e-08
-2.32944774869e-08
-2.71159172886e-08
-3.10093121820e-08
-3.49025028699e-08
-3.87146440296e-08
-4.23570288513e-08
-4.57341514731e-08
-4.87450030488e-08
-5.12845921873e-08
-5.32456754145e-08
-5.45206782370e-08
-5.50037824208e-08
-5.45931503406e-08
-5.31932528012e-08
-5.07172626856e-08
-4.70894732326e-08
-4.22476967808e-08
-3.61455975169e-08
-2.87549102048e-08
-2.00674961160e-08
-1.00971874699e-08
1.11862732753e-09
1.35177234493e-08
2.70121074808e-08
4.14874725270e-08
5.68030753694e-08
7.27920648599e-08
8.92622845745e-08
1.05997565773e-07
1.22759519138e-07
1.39289825658e-07
1.55313018508e-07
1.70539738971e-07
1.84670440510e-07
1.97399506130e-07
2.08419735382e-07
2.17427148828e-07
2.24126049754e-07
2.28234275460e-07
2.29488563741e-07
2.27649954415e-07
2.22509140947e-07
2.13891683632e-07
2.01662993419e-07
1.85732994480e-07
1.66060374031e-07
1.42656329830e-07
1.15587729175e-07
8.49795981746e-08
5.10168664960e-08
1.39453007175e-08
-2.59284312857e-08
-6.82376118432e-08
-1.12557275968e-07
-1.58406986979e-07
-2.05254593615e-07
-2.52520962395e-07
-2.99585663881e-07
-3.45793576040e-07
-3.90462352313e-07
-4.32890686575e-07
-4.72367292050e-07
-5.08180496763e-07
-5.39628344468e-07
-5.66029077388e-07
-5.86731865890e-07
-6.01127640454e-07
-6.08659873343e-07
-6.08835151284e-07
-6.01233376528e-07
-5.85517431887e-07
-5.61442145952e-07
-5.28862397713e-07
-4.87740205262e-07
-4.38150651249e-07
-3.80286508158e-07
-3.14461439306e-07
-2.41111666582e-07
-1.60796013225e-07
-7.41942492547e-08
1.78963117734e-08
1.14565993358e-07
2.14799718731e-07
3.17485735438e-07
4.21426056044e-07
5.25348543242e-07
6.27920541755e-07
7.27763933883e-07
8.23471470824e-07
9.13624208292e-07
9.96809852866e-07
1.07164180533e-06
1.13677866928e-06
1.19094397790e-06
1.23294587923e-06
1.26169651101e-06
1.27623078990e-06
1.27572433784e-06
1.25951026924e-06
1.22709456815e-06
1.17816979346e-06
1.11262686330e-06
1.03056468649e-06
9.32297429676e-07
8.18359232847e-07
6.89506213706e-07
5.46715631944e-07
3.91182118094e-07
2.24310907634e-07
4.77080589738e-08
-1.36832326381e-07
-3.27343822548e-07
-5.21706236624e-07
-7.17666863154e-07
-9.12864253365e-07
-1.10485427717e-06
-1.29113821783e-06
-1.46919260344e-06
-1.63650044625e-06
-1.79058353114e-06
-1.92903536873e-06
-2.04955440664e-06
-2.14997707588e-06
-2.22831023694e-06
-2.28276258412e-06
-2.31177456526e-06
-2.31404637927e-06
-2.28856362462e-06
-2.23462018849e-06
-2.15183798944e-06
-2.04018321446e-06
-1.89997872567e-06
-1.73191235124e-06
-1.53704081931e-06
-1.31678914265e-06
-1.07294531460e-06
-8.07650233004e-07
-5.23382827909e-07
-2.22940429887e-07
9.05855216624e-08
4.13838267936e-07
7.43228792740e-07
1.07497287026e-06
1.40513175194e-06
1.72965608870e-06
2.04443263117e-06
2.34533320160e-06
2.62826538654e-06
2.88922436173e-06
3.12434522830e-06
3.32995521490e-06
3.50262508313e-06
3.63921906455e-06
3.73694265656e-06
3.79338761243e-06
3.80657347703e-06
3.77498504518e-06
3.69760515333e-06
3.57394225750e-06
3.40405230115e-06
3.18855443436e-06
2.92864021138e-06
2.62607596521e-06
