# E_{dir,x} num, $\epsilon_1$ = 1, v = c/400 $\mu$m/s, x = 1$\mu$m, y = 1$\mu$m, 
# b = -2.00$\mu$m, z = 1$\mu$m, plot_fieldE_direct2.2.py
4.93478528732e-04
7.38150832867e-03
3.38537009561e-02
9.44155248431e-02
1.99577486646e-01
3.54732197321e-01
5.63005923000e-01
8.29150901777e-01
1.16128354012e+00
1.56941217736e+00
2.06236088216e+00
2.64577186621e+00
3.32267278062e+00
4.09580155522e+00
4.96946240086e+00
5.94926958791e+00
7.04012575153e+00
8.24442180955e+00
9.56231171371e+00
1.09941022195e+01
1.25428362959e+01
1.42147342751e+01
1.60167369138e+01
1.79527655747e+01
2.00215619850e+01
2.22180032186e+01
2.45372459827e+01
2.69788513892e+01
2.95478946176e+01
3.22521546460e+01
3.50972886139e+01
3.80833461996e+01
4.12050049094e+01
4.44552451823e+01
4.78298017619e+01
5.13293343305e+01
5.49580506960e+01
5.87200819365e+01
6.26163502796e+01
6.66440244102e+01
7.07985612749e+01
7.50764561357e+01
7.94765456530e+01
8.39991009377e+01
8.86437939430e+01
9.34084360178e+01
9.82895874677e+01
1.03284453530e+02
1.08392330560e+02
1.13614194905e+02
1.18950568647e+02
1.24399295975e+02
1.29955090116e+02
1.35611433646e+02
1.41363597972e+02
1.47210599106e+02
1.53154585923e+02
1.59197989248e+02
1.65340389226e+02
1.71577278415e+02
1.77901552159e+02
1.84306642246e+02
1.90789114528e+02
1.97349028666e+02
2.03987996997e+02
2.10706453049e+02
2.17502038886e+02
2.24370050831e+02
2.31305351083e+02
2.38304207260e+02
2.45364788266e+02
2.52486204040e+02
2.59667076355e+02
2.66904845488e+02
2.74196272761e+02
2.81538559648e+02
2.88930020027e+02
2.96369671383e+02
3.03856064676e+02
3.11386355006e+02
3.18956467201e+02
3.26562347496e+02
3.34201400842e+02
3.41873003512e+02
3.49577631286e+02
3.57315167537e+02
3.65083579059e+02
3.72878901586e+02
3.80696546243e+02
3.88533010729e+02
3.96386824176e+02
4.04258131671e+02
4.12147287012e+02
4.20053468273e+02
4.27974227764e+02
4.35906164023e+02
4.43846121314e+02
4.51792038056e+02
4.59742929388e+02
4.67698169868e+02
4.75656712902e+02
4.83616825638e+02
4.91576437905e+02
4.99533712725e+02
5.07487322204e+02
5.15436215875e+02
5.23379120646e+02
5.31314237381e+02
5.39239426836e+02
5.47152761793e+02
5.55053005887e+02
5.62939617386e+02
5.70812236871e+02
5.78670017996e+02
5.86511290641e+02
5.94333808194e+02
6.02135408070e+02
6.09914622719e+02
6.17670826128e+02
6.25403840269e+02
6.33113299916e+02
6.40798216174e+02
6.48457005897e+02
6.56087913632e+02
6.63689498243e+02
6.71260856315e+02
6.78801479566e+02
6.86310907827e+02
6.93788451389e+02
7.01233158275e+02
7.08643994838e+02
7.16020059146e+02
7.23360657126e+02
7.30665209625e+02
7.37933099885e+02
7.45163604841e+02
7.52355966370e+02
7.59509533444e+02
7.66623847990e+02
7.73698597884e+02
7.80733471634e+02
7.87728028017e+02
7.94681679930e+02
8.01593801335e+02
8.08463874193e+02
8.15291568650e+02
8.22076706582e+02
8.28819146075e+02
8.35518674731e+02
8.42174980582e+02
8.48787704314e+02
8.55356519778e+02
8.61881181675e+02
8.68361516767e+02
8.74797381177e+02
8.81188624397e+02
8.87535082780e+02
8.93836594322e+02
9.00093011486e+02
9.06304199152e+02
9.12470025337e+02
9.18590360446e+02
9.24665088910e+02
9.30694119233e+02
9.36677375306e+02
9.42614769557e+02
9.48506181128e+02
9.54351465850e+02
9.60150500860e+02
9.65903232839e+02
9.71609685934e+02
9.77269910159e+02
9.82883898694e+02
9.88451535184e+02
9.93972619211e+02
9.99446963642e+02
1.00487450027e+03
1.01025531696e+03
1.01558959272e+03
1.02087747152e+03
1.02611896212e+03
1.03131393546e+03
1.03646222182e+03
1.04156373830e+03
1.04661855670e+03
1.05162686824e+03
1.05658887846e+03
1.06150471445e+03
1.06637441136e+03
1.07119797885e+03
1.07597548569e+03
1.08070709053e+03
1.08539299627e+03
1.09003337267e+03
1.09462832058e+03
1.09917791688e+03
1.10368230840e+03
1.10814177509e+03
1.11255669894e+03
1.11692744777e+03
