# E_{dir,x} QE num, $\epsilon_1$ = 1, v = c/400 $\mu$m/s, x = 1$\mu$m, y = 1$\mu$m, 
# b = -2.00$\mu$m, z = 1$\mu$m, plot_fieldE_direct2.2.py
-6.18170366176e-08
-6.90508495711e-06
-9.45734551111e-05
-5.16772369795e-04
-1.60743247182e-03
-3.25101826020e-03
-4.33479648094e-03
-3.11321020613e-03
1.12764304233e-03
6.22636514246e-03
7.25670827978e-03
-2.89272181306e-04
-1.59395825474e-02
-3.22441213929e-02
-3.83569035413e-02
-2.79605023369e-02
-5.86426033906e-03
1.28101130426e-02
1.19528300479e-02
-1.36609762723e-02
-5.31379139928e-02
-8.59476885312e-02
-9.61988671357e-02
-8.40279332676e-02
-6.49686350087e-02
-5.75445194225e-02
-6.91576249556e-02
-9.21283551619e-02
-1.13255392280e-01
-1.28194649927e-01
-1.46857556434e-01
-1.83284125076e-01
-2.37835506121e-01
-2.88681432433e-01
-3.04125217852e-01
-2.69884777004e-01
-2.09848534309e-01
-1.79458217893e-01
-2.30144878980e-01
-3.67728516318e-01
-5.37396945490e-01
-6.52310710791e-01
-6.51065862032e-01
-5.44680065236e-01
-4.16878976653e-01
-3.72793572464e-01
-4.69075029230e-01
-6.74312603286e-01
-8.88963545241e-01
-1.01181900114e+00
-1.00625974021e+00
-9.19823399085e-01
-8.45206232378e-01
-8.53791343747e-01
-9.51501284085e-01
-1.08722329851e+00
-1.20204458431e+00
-1.27643650904e+00
-1.33691135555e+00
-1.41953483165e+00
-1.52530937818e+00
-1.61023916540e+00
-1.62332154189e+00
-1.56242201758e+00
-1.49748370142e+00
-1.53239968537e+00
-1.72646119729e+00
-2.03447212237e+00
-2.31832830794e+00
-2.43258505102e+00
-2.32842390633e+00
-2.09987304596e+00
-1.93237100467e+00
-1.98309947044e+00
-2.27431842475e+00
-2.67536377539e+00
-2.98788562035e+00
-3.07589947142e+00
-2.95071525642e+00
-2.75402478592e+00
-2.65568941780e+00
-2.74191821046e+00
-2.97168922164e+00
-3.22491195549e+00
-3.39765124091e+00
-3.46938595915e+00
-3.49576367505e+00
-3.54263757809e+00
-3.62289439547e+00
-3.69091817496e+00
-3.69743511051e+00
-3.65362332426e+00
-3.64285619730e+00
-3.76121886666e+00
-4.03005915545e+00
-4.35402009071e+00
-4.56879970460e+00
-4.55393114757e+00
-4.33019725692e+00
-4.06447565108e+00
-3.96852786876e+00
-4.15696601608e+00
-4.56403568142e+00
-4.98099383872e+00
-5.19142642782e+00
-5.11200643833e+00
-4.84220522106e+00
-4.59132890875e+00
-4.53739862396e+00
-4.71728601999e+00
-5.02009274371e+00
-5.27874468857e+00
-5.38637188911e+00
-5.35358378857e+00
-5.27421913352e+00
-5.23808094096e+00
-5.26472678157e+00
-5.30772249127e+00
-5.31691319763e+00
-5.29841583513e+00
-5.31642000388e+00
-5.43273087588e+00
-5.63598347432e+00
-5.82577737883e+00
-5.87506171818e+00
-5.72925694239e+00
-5.46496724430e+00
-5.25543936658e+00
-5.25837598117e+00
-5.50299226391e+00
-5.85945483357e+00
-6.11781227538e+00
-6.12513332695e+00
-5.88649268870e+00
-5.55991496917e+00
-5.34991547341e+00
-5.37467190948e+00
-5.59757137312e+00
-5.86514900713e+00
-6.01755390647e+00
-5.99022161158e+00
-5.83881711959e+00
-5.68012634989e+00
-5.60199614681e+00
-5.61134251078e+00
-5.65240823287e+00
-5.66990182203e+00
-5.65919172384e+00
-5.66202226565e+00
-5.71543002246e+00
-5.80232625749e+00
-5.85122175667e+00
-5.79085193148e+00
-5.61721766746e+00
-5.41564837392e+00
-5.31252724920e+00
-5.38644916393e+00
-5.60376598338e+00
-5.82997916074e+00
-5.91456752224e+00
-5.79222485634e+00
-5.52925026726e+00
-5.28141016192e+00
-5.19192058499e+00
-5.29993464556e+00
-5.52115028696e+00
-5.71022850497e+00
-5.75806227011e+00
-5.65608907360e+00
-5.48776223711e+00
-5.36109564435e+00
-5.33558437625e+00
-5.39455556045e+00
-5.47524014219e+00
-5.52525889603e+00
-5.53869855501e+00
-5.54679948513e+00
-5.57753790056e+00
-5.62291081768e+00
-5.64376498321e+00
-5.60829593940e+00
-5.53023011470e+00
-5.47109884399e+00
-5.49957266765e+00
-5.63679614538e+00
-5.83099519797e+00
-5.98494799263e+00
-6.02042763070e+00
-5.93445039859e+00
-5.80587236375e+00
-5.74559868323e+00
-5.82405385443e+00
-6.02593449701e+00
-6.26278729924e+00
-6.43316498982e+00
-6.48774096079e+00
-6.45557020949e+00
-6.41710283872e+00
-6.44704576237e+00
-6.56863195674e+00
