# E_{ref,x} num, $\epsilon_1$ = 1, v = c/400 $\mu$m/s, x = 1$\mu$m, y = 1$\mu$m, b = -2.00$\mu$m
# $\epsilon_2$ = 1, $\hbar\mu$ = 0.70eV, $\hbar\gamma$ = 0.0001eV, $z_p=2.00\mu$m
-1.85371516118e-05
-2.88998570409e-04
-1.41540523241e-03
-4.29755728737e-03
-1.00120376163e-02
-1.96845038153e-02
-3.43701344247e-02
-5.49572126312e-02
-8.21048939981e-02
-1.16220861055e-01
-1.57478641259e-01
-2.05868732387e-01
-2.61273141078e-01
-3.23550107879e-01
-3.92615007775e-01
-4.68504712211e-01
-5.51415807723e-01
-6.41711465948e-01
-7.39896759921e-01
-8.46567069780e-01
-9.62338212755e-01
-1.08776951176e+00
-1.22329185145e+00
-1.36915179208e+00
-1.52538021713e+00
-1.69179020609e+00
-1.86800443459e+00
-2.05350806577e+00
-2.24771944000e+00
-2.45006840681e+00
-2.66007120192e+00
-2.87739145006e+00
-3.10187903646e+00
-3.33358188698e+00
-3.57272963092e+00
-3.81969211189e+00
-4.07491918883e+00
-4.33887074964e+00
-4.61194701289e+00
-4.89442889011e+00
-5.18643649930e+00
-5.48791113489e+00
-5.79862253131e+00
-6.11819961712e+00
-6.44617966276e+00
-6.78206823603e+00
-7.12540102658e+00
-7.47579854710e+00
-7.83300594024e+00
-8.19691241159e+00
-8.56754782281e+00
-8.94505727113e+00
-9.32965758415e+00
-9.72158213970e+00
-1.01210219470e+01
-1.05280713081e+01
-1.09426855885e+01
-1.13646568106e+01
-1.17936102056e+01
-1.22290219207e+01
-1.26702551681e+01
-1.31166096513e+01
-1.35673774097e+01
-1.40218975881e+01
-1.44796028285e+01
-1.49400515960e+01
-1.54029425918e+01
-1.58681101180e+01
-1.63355018528e+01
-1.68051428665e+01
-1.72770914723e+01
-1.77513934414e+01
-1.82280411202e+01
-1.87069430864e+01
-1.91879083300e+01
-1.96706467887e+01
-2.01547857210e+01
-2.06398991961e+01
-2.11255462147e+01
-2.16113118811e+01
-2.20968457584e+01
-2.25818920718e+01
-2.30663076736e+01
-2.35500654737e+01
-2.40332430836e+01
-2.45159984563e+01
-2.49985360302e+01
-2.54810680851e+01
-2.59637765389e+01
-2.64467802057e+01
-2.69301116478e+01
-2.74137063294e+01
-2.78974050322e+01
-2.83809686662e+01
-2.88641029632e+01
-2.93464892860e+01
-2.98278170945e+01
-3.03078135406e+01
-3.07862662258e+01
-3.12630362346e+01
-3.17380599969e+01
-3.22113401229e+01
-3.26829268725e+01
-3.31528931582e+01
-3.36213067795e+01
-3.40882038537e+01
-3.45535671163e+01
-3.50173119836e+01
-3.54792821124e+01
-3.59392548340e+01
-3.63969554762e+01
-3.68520783984e+01
-3.73043117135e+01
-3.77533622598e+01
-3.81989774608e+01
-3.86409612358e+01
-3.90791820290e+01
-3.95135721541e+01
-3.99441188609e+01
-4.03708486389e+01
-4.07938071424e+01
-4.12130376346e+01
-4.16285609494e+01
-4.20403596631e+01
-4.24483684986e+01
-4.28524720718e+01
-4.32525100498e+01
-4.36482887819e+01
-4.40395976191e+01
-4.44262272558e+01
-4.48079893220e+01
-4.51847302559e+01
-4.55563434070e+01
-4.59227736639e+01
-4.62840159340e+01
-4.66401079952e+01
-4.69911169449e+01
-4.73371262224e+01
-4.76782185397e+01
-4.80144620434e+01
-4.83458995475e+01
-4.86725425308e+01
-4.89943703691e+01
-4.93113358845e+01
-4.96233729706e+01
-4.99304101128e+01
-5.02323831791e+01
-5.05292481839e+01
-5.08209914876e+01
-5.11076361576e+01
-5.13892437829e+01
-5.16659109944e+01
-5.19377625938e+01
-5.22049405641e+01
-5.24675916869e+01
-5.27258549298e+01
-5.29798502861e+01
-5.32296704139e+01
-5.34753759960e+01
-5.37169952059e+01
-5.39545271005e+01
-5.41879482383e+01
-5.44172214208e+01
-5.46423052189e+01
-5.48631628993e+01
-5.50797695152e+01
-5.52921162332e+01
-5.55002113974e+01
-5.57040783048e+01
-5.59037501337e+01
-5.60992628507e+01
-5.62906471801e+01
-5.64779208225e+01
-5.66610820411e+01
-5.68401054450e+01
-5.70149410375e+01
-5.71855153541e+01
-5.73517363896e+01
-5.75135000533e+01
-5.76706985405e+01
-5.78232281226e+01
-5.79709970047e+01
-5.81139312433e+01
-5.82519784933e+01
-5.83851092134e+01
-5.85133153696e+01
-5.86366070023e+01
-5.87550072954e+01
-5.88685469464e+01
-5.89772586946e+01
-5.90811727948e+01
-5.91803140690e+01
-5.92747007953e+01
-5.93643457827e+01
-5.94492590395e+01
-5.95294519548e+01
-5.96049419790e+01
-5.96757574648e+01
-5.97419416996e+01
-5.98035556540e+01
