# E_{ref,x} QE num, $\epsilon_1$ = 1, v = c/400 $\mu$m/s, x = 1$\mu$m, y = 1$\mu$m, b = -2.00$\mu$m
# $\epsilon_2$ = 1, $\hbar\mu$ = 0.70eV, $\hbar\gamma$ = 0.0001eV, $z_p=2.00\mu$m
1.98025356844e-10
-6.45591128698e-09
-1.58264208990e-07
-1.22731871962e-06
-5.71677314309e-06
-1.95762067649e-05
-5.43423186307e-05
-1.29333908847e-04
-2.73430235223e-04
-5.25964550617e-04
-9.36373550446e-04
-1.56244101089e-03
-2.46722456653e-03
-3.71501147334e-03
-5.36686269069e-03
-7.47643146337e-03
-1.00867540325e-02
-1.32285974201e-02
-1.69207257764e-02
-2.11721462184e-02
-2.59860660125e-02
-3.13649908638e-02
-3.73161719478e-02
-4.38565085501e-02
-5.10160561450e-02
-5.88394755836e-02
-6.73850630844e-02
-7.67213778856e-02
-8.69218761363e-02
-9.80583029674e-02
-1.10193832534e-01
-1.23377036131e-01
-1.37637681507e-01
-1.52985128374e-01
-1.69409717717e-01
-1.86887108794e-01
-2.05385064136e-01
-2.24871789079e-01
-2.45324660744e-01
-2.66738076887e-01
-2.89129238315e-01
-3.12540941922e-01
-3.37040869847e-01
-3.62717355920e-01
-3.89672121573e-01
-4.18010923834e-01
-4.47833380151e-01
-4.79223378350e-01
-5.12241420933e-01
-5.46919996463e-01
-5.83262651610e-01
-6.21246914714e-01
-6.60830670356e-01
-7.01961084686e-01
-7.44584806369e-01
-7.88657973939e-01
-8.34154576986e-01
-8.81071945507e-01
-9.29432547774e-01
-9.79281804923e-01
-1.03068220473e+00
-1.08370453508e+00
-1.13841748175e+00
-1.19487708327e+00
-1.25311757171e+00
-1.31314494487e+00
-1.37493423901e+00
-1.43843095405e+00
-1.50355649826e+00
-1.57021695100e+00
-1.63831396988e+00
-1.70775636059e+00
-1.77847072765e+00
-1.85040974684e+00
-1.92355692713e+00
-1.99792721646e+00
-2.07356338217e+00
-2.15052868149e+00
-2.22889684942e+00
-2.30874079718e+00
-2.39012158391e+00
-2.47307917555e+00
-2.55762624324e+00
-2.64374582012e+00
-2.73139308906e+00
-2.82050099427e+00
-2.91098883669e+00
-3.00277260254e+00
-3.09577554174e+00
-3.18993749072e+00
-3.28522162266e+00
-3.38161768059e+00
-3.47914125026e+00
-3.57782918993e+00
-3.67773187377e+00
-3.77890334879e+00
-3.88139079231e+00
-3.98522474734e+00
-4.09041149739e+00
-4.19692863807e+00
-4.30472445360e+00
-4.41372117702e+00
-4.52382167763e+00
-4.63491865169e+00
-4.74690505800e+00
-4.85968438244e+00
-4.97317935550e+00
-5.08733797564e+00
-5.20213607531e+00
-5.31757615031e+00
-5.43368268876e+00
-5.55049471102e+00
-5.66805660193e+00
-5.78640853169e+00
-5.90557779405e+00
-6.02557223897e+00
-6.14637666501e+00
-6.26795261007e+00
-6.39024149886e+00
-6.51317063905e+00
-6.63666116931e+00
-6.76063680456e+00
-6.88503213053e+00
-7.00979928025e+00
-7.13491206715e+00
-7.26036701557e+00
-7.38618116771e+00
-7.51238699419e+00
-7.63902513219e+00
-7.76613596521e+00
-7.89375120519e+00
-8.02188662189e+00
-8.15053689171e+00
-8.27967323477e+00
-8.40924411935e+00
-8.53917889093e+00
-8.66939378942e+00
-8.79979950415e+00
-8.93030922505e+00
-9.06084610375e+00
-9.19134914221e+00
-9.32177676396e+00
-9.45210765610e+00
-9.58233885374e+00
-9.71248141678e+00
-9.84255437100e+00
-9.97257780847e+00
-1.01025661362e+01
-1.02325224189e+01
-1.03624345875e+01
-1.04922740100e+01
-1.06219965819e+01
-1.07515461397e+01
-1.08808596828e+01
-1.10098736458e+01
-1.11385303335e+01
-1.12667836189e+01
-1.13946031277e+01
-1.15219763457e+01
-1.16489083866e+01
-1.17754194776e+01
-1.19015405314e+01
-1.20273074254e+01
-1.21527547738e+01
-1.22779100285e+01
-1.24027886831e+01
-1.25273911873e+01
-1.26517019325e+01
-1.27756903830e+01
-1.28993141305e+01
-1.30225233990e+01
-1.31452663416e+01
-1.32674943810e+01
-1.33891668606e+01
-1.35102543911e+01
-1.36307404683e+01
-1.37506211945e+01
-1.38699031950e+01
-1.39886000746e+01
-1.41067279478e+01
-1.42243006941e+01
-1.43413256119e+01
-1.44578000749e+01
-1.45737096410e+01
-1.46890278571e+01
-1.48037177615e+01
-1.49177348535e+01
-1.50310311040e+01
-1.51435594448e+01
-1.52552781249e+01
-1.53661543484e+01
-1.54761667228e+01
-1.55853062157e+01
-1.56935755291e+01
-1.58009870144e+01
-1.59075594463e+01
-1.60133141188e+01
-1.61182708066e+01
-1.62224441357e+01
-1.63258408381e+01
