# E [eV]     Re{Gself}     Im{Gself}, $z_p$=50nm, d = 0 nm, plot_green_self_image.py
9.00000000000e-02	1.09950151365e+00	1.83685944918e-03
9.11111111111e-02	1.10722177236e+00	1.97419817042e-03
9.22222222222e-02	1.11601527007e+00	2.14776246278e-03
9.33333333333e-02	1.12627052138e+00	2.37724894271e-03
9.44444444444e-02	1.13861375838e+00	2.69867213808e-03
9.55555555556e-02	1.15412636475e+00	3.18380295351e-03
9.66666666667e-02	1.17485417353e+00	3.99303657835e-03
9.77777777778e-02	1.20519837303e+00	5.54928873066e-03
9.88888888889e-02	1.25668187902e+00	9.29165931294e-03
1.00000000000e-01	1.37204822840e+00	2.30402140148e-02
1.01111111111e-01	1.93367379669e+00	2.08194536116e-01
1.02222222222e-01	4.11291641977e-01	1.45514503957e-01
1.03333333333e-01	8.58727436745e-01	2.07517815448e-02
1.04444444444e-01	9.64278481202e-01	9.10541033883e-03
1.05555555556e-01	1.01391598541e+00	5.85287961506e-03
1.06666666667e-01	1.04451300966e+00	4.54781714766e-03
1.07777777778e-01	1.06646879299e+00	3.92903670370e-03
1.08888888889e-01	1.08385280918e+00	3.61484376461e-03
1.10000000000e-01	1.09858846514e+00	3.45803058966e-03
1.11111111111e-01	1.11170728066e+00	3.39224605781e-03
1.12222222222e-01	1.12381616156e+00	3.38416381327e-03
1.13333333333e-01	1.13529849947e+00	3.41569119932e-03
1.14444444444e-01	1.14641253914e+00	3.47647544393e-03
1.15555555556e-01	1.15734096377e+00	3.56035450595e-03
1.16666666667e-01	1.16821984592e+00	3.66366728433e-03
1.17777777778e-01	1.17915530771e+00	3.78419214845e-03
1.18888888889e-01	1.19023410323e+00	3.92075784849e-03
1.20000000000e-01	1.20152953354e+00	4.07282893936e-03
1.21111111111e-01	1.21310748081e+00	4.24038636486e-03
1.22222222222e-01	1.22502787675e+00	4.42378288087e-03
1.23333333333e-01	1.23734812863e+00	4.62370957176e-03
1.24444444444e-01	1.25012484198e+00	4.84112521117e-03
1.25555555556e-01	1.26341471230e+00	5.07727897294e-03
1.26666666667e-01	1.27727614602e+00	5.33369137477e-03
1.27777777778e-01	1.29177056841e+00	5.61217701094e-03
1.28888888889e-01	1.30696268178e+00	5.91486446638e-03
1.30000000000e-01	1.32292244025e+00	6.24419430711e-03
1.31111111111e-01	1.33972625699e+00	6.60319268350e-03
1.32222222222e-01	1.35745730900e+00	6.99507403787e-03
1.33333333333e-01	1.37620770590e+00	7.42377159144e-03
1.34444444444e-01	1.39607978758e+00	7.89384467325e-03
1.35555555556e-01	1.41718808138e+00	8.41056638836e-03
1.36666666667e-01	1.43966143879e+00	8.98014987640e-03
1.37777777778e-01	1.46364561617e+00	9.60989790441e-03
1.38888888889e-01	1.48930647678e+00	1.03084520158e-02
1.40000000000e-01	1.51683363022e+00	1.10860757564e-02
1.41111111111e-01	1.54644524515e+00	1.19550546239e-02
1.42222222222e-01	1.57839370035e+00	1.29301526817e-02
1.43333333333e-01	1.61297273355e+00	1.40292707904e-02
1.44444444444e-01	1.65052650138e+00	1.52743454842e-02
1.45555555556e-01	1.69146089813e+00	1.66922290072e-02
1.46666666667e-01	1.73625816366e+00	1.83163954307e-02
1.47777777778e-01	1.78549636859e+00	2.01888076344e-02
1.48888888889e-01	1.83987356843e+00	2.23626797144e-02
1.50000000000e-01	1.90024149423e+00	2.49062956871e-02
1.51111111111e-01	1.96765024256e+00	2.79084398811e-02
1.52222222222e-01	2.04340959821e+00	3.14856932864e-02
1.53333333333e-01	2.12917459160e+00	3.57967651805e-02
1.54444444444e-01	2.22706747978e+00	4.10545331071e-02
1.55555555556e-01	2.33985491517e+00	4.75587392915e-02
1.56666666667e-01	2.47121247048e+00	5.57366918126e-02
1.57777777778e-01	2.62613099828e+00	6.62157752272e-02
1.58888888889e-01	2.81156173989e+00	7.99472709465e-02
1.60000000000e-01	3.03748194237e+00	9.84297182091e-02
1.61111111111e-01	3.31873824686e+00	1.24135117938e-01
1.62222222222e-01	3.67841960597e+00	1.61377843248e-01
1.63333333333e-01	4.15447074215e+00	2.18244345190e-01
1.64444444444e-01	4.81384276140e+00	3.11361012998e-01
1.65555555556e-01	5.78642484824e+00	4.79491746650e-01
1.66666666667e-01	7.36003866303e+00	8.30977234790e-01
1.67777777778e-01	1.03117005254e+01	1.76931153089e+00
1.68888888889e-01	1.74452200961e+01	5.85328292798e+00
1.70000000000e-01	1.54282713774e+01	4.90654629033e+01
1.71111111111e-01	-1.90979747184e+01	8.80494214854e+00
1.72222222222e-01	-9.92758424644e+00	2.21906826651e+00
1.73333333333e-01	-6.39574061171e+00	9.69395069477e-01
1.74444444444e-01	-4.60082628175e+00	5.38669525073e-01
1.75555555556e-01	-3.52247422116e+00	3.41845843119e-01
1.76666666667e-01	-2.80475228249e+00	2.35943830289e-01
1.77777777778e-01	-2.29322348890e+00	1.72545449837e-01
1.78888888889e-01	-1.91040226974e+00	1.31625777726e-01
1.80000000000e-01	-1.61323812692e+00	1.03695159633e-01
1.81111111111e-01	-1.37592537143e+00	8.37881654943e-02
1.82222222222e-01	-1.18206504689e+00	6.91029774427e-02
1.83333333333e-01	-1.02074242410e+00	5.79615946896e-02
1.84444444444e-01	-8.84412370906e-01	4.93094441273e-02
1.85555555556e-01	-7.67693491645e-01	4.24568923092e-02
1.86666666667e-01	-6.66644925725e-01	3.69374669137e-02
1.87777777778e-01	-5.78314775647e-01	3.24266020754e-02
1.88888888889e-01	-5.00448423015e-01	2.86928111181e-02
1.90000000000e-01	-4.31294117696e-01	2.55673647708e-02
1.91111111111e-01	-3.69470352690e-01	2.29249695309e-02
1.92222222222e-01	-3.13872901379e-01	2.06710169525e-02
1.93333333333e-01	-2.63608638063e-01	1.87329351814e-02
1.94444444444e-01	-2.17947430241e-01	1.70543680816e-02
1.95555555556e-01	-1.76286514146e-01	1.55909719201e-02
1.96666666667e-01	-1.38123982465e-01	1.43075134061e-02
1.97777777778e-01	-1.03038436116e-01	1.31756448389e-02
1.98888888889e-01	-7.06735806845e-02	1.21724145565e-02
2.00000000000e-01	-4.07260396408e-02	1.12790460014e-02
