# E_{dir,x} QE num, $\epsilon_1$ = 1, v = c/400 $\mu$m/s, x = 10$\mu$m, y = 10$\mu$m, 
# b = -2.00$\mu$m, z = 0$\mu$m, plot_fieldE_direct2.2.py
-6.16953140230e-07
-6.85028471216e-05
-9.28585406607e-04
-4.99646199580e-03
-1.51996360203e-02
-2.97111891115e-02
-3.71326791157e-02
-2.09108260963e-02
2.49735818216e-02
8.14168642543e-02
1.09409037207e-01
8.01043712028e-02
9.34168670435e-03
-3.63055036885e-02
2.31127274786e-02
2.23019395579e-01
5.22782502355e-01
8.31810781115e-01
1.07805126788e+00
1.26593453186e+00
1.47691150681e+00
1.81256285399e+00
2.32734964675e+00
3.00398063424e+00
3.78507338263e+00
4.62715220294e+00
5.52972616914e+00
6.52176529711e+00
7.62849745835e+00
8.85371673857e+00
1.01886789296e+01
1.16274956633e+01
1.31652369983e+01
1.47814513932e+01
1.64364554300e+01
1.80985799557e+01
1.97825959361e+01
2.15536092429e+01
2.34721312112e+01
2.55136788950e+01
2.75361074950e+01
2.93429548881e+01
3.08117370016e+01
3.19891329709e+01
3.30661158045e+01
3.42365969794e+01
3.55412469331e+01
3.68183131274e+01
3.78028870947e+01
3.82992447148e+01
3.82949320989e+01
3.79362369974e+01
3.73973394520e+01
3.67539460131e+01
3.59545166934e+01
3.48918708944e+01
3.34982990766e+01
3.17840550652e+01
2.98040514874e+01
2.76030498585e+01
2.51961703705e+01
2.25924695039e+01
1.98214847510e+01
1.69258324683e+01
1.39297834582e+01
1.08294525531e+01
7.63144498572e+00
4.40916053083e+00
1.31113064600e+00
-1.51128452114e+00
-4.01086782039e+00
-6.29030156012e+00
-8.52648389906e+00
-1.08142205612e+01
-1.30500615895e+01
-1.49591503435e+01
-1.62580901742e+01
-1.68343805255e+01
-1.68048204786e+01
-1.64098310898e+01
-1.58297292891e+01
-1.50651700945e+01
-1.39636287337e+01
-1.23529423831e+01
-1.01652072028e+01
-7.45958062788e+00
-4.34840547298e+00
-9.08297391336e-01
2.84680936151e+00
6.92412460870e+00
1.12988372190e+01
1.59051697895e+01
2.06721278174e+01
2.55563272219e+01
3.05323881022e+01
3.55537145920e+01
4.05347009649e+01
4.53859491648e+01
5.00742160084e+01
5.46410344012e+01
5.91432225233e+01
6.35539484610e+01
6.77133965583e+01
7.13887854222e+01
7.44120765957e+01
7.67891811837e+01
7.86870660308e+01
8.03004300850e+01
8.16986050099e+01
8.27708756902e+01
8.33086797958e+01
8.31539993629e+01
8.22964509810e+01
8.08527548685e+01
7.89622862200e+01
7.66940056596e+01
7.40355641956e+01
7.09552252450e+01
6.74670643266e+01
6.36397990934e+01
5.95516981327e+01
5.52449139611e+01
5.07258172981e+01
4.60060223029e+01
4.11369060021e+01
3.62000993760e+01
3.12654615911e+01
2.63644667528e+01
2.15120064095e+01
1.67572148392e+01
1.22074626418e+01
7.98916324505e+00
4.16999892348e+00
7.11966172421e-01
-2.49315570005e+00
-5.52393845483e+00
-8.34350968427e+00
-1.08011870280e+01
-1.27250866245e+01
-1.40339191764e+01
-1.47806404224e+01
-1.50980207449e+01
-1.50961755629e+01
-1.47961748811e+01
-1.41459279072e+01
-1.30919378420e+01
-1.16380336941e+01
-9.84352098172e+00
-7.77330521030e+00
-5.45414624480e+00
-2.87862892178e+00
-4.83921714613e-02
2.98940616628e+00
6.14892541504e+00
9.34800433196e+00
1.25439219750e+01
1.57289987678e+01
1.88938823882e+01
2.19986586726e+01
2.49829840458e+01
2.78053003476e+01
3.04690608025e+01
3.30037538682e+01
3.54125371513e+01
3.76345145082e+01
3.95618137011e+01
4.11042381098e+01
4.22498115625e+01
4.30694135409e+01
4.36596928354e+01
4.40704150476e+01
4.42745450262e+01
4.42016009466e+01
4.38013596513e+01
4.30828124757e+01
4.20998340852e+01
4.09039042466e+01
3.95107219411e+01
3.79097324796e+01
3.61028297875e+01
3.41316521612e+01
3.20658112804e+01
2.99628864257e+01
2.78378288978e+01
2.56698937973e+01
2.34396950566e+01
2.11617139519e+01
1.88837326372e+01
1.66570142466e+01
1.45080078362e+01
1.24385839846e+01
1.04520649763e+01
8.57613364945e+00
6.85664213269e+00
5.32552145702e+00
3.97308251500e+00
2.75342541478e+00
1.62204895285e+00
5.74457736900e-01
-3.47942753564e-01
