# E_{dir,x} QE num, $\epsilon_1$ = 1, v = c/400 $\mu$m/s, x = 10$\mu$m, y = 10$\mu$m, 
# b = -2.00$\mu$m, z = 0$\mu$m, plot_fieldE_direct2.2.py
4.76153109142e-04
6.35913925376e-03
2.38687264840e-02
4.89217782623e-02
6.56748742714e-02
5.88980374456e-02
2.73850743578e-02
-1.64312707960e-02
-6.12134902813e-02
-1.11330345822e-01
-1.87299226624e-01
-3.13036779099e-01
-5.03869334434e-01
-7.66379015092e-01
-1.10671316472e+00
-1.53516272574e+00
-2.06182445219e+00
-2.69198907396e+00
-3.43229628831e+00
-4.30412642750e+00
-5.34528612777e+00
-6.58630914439e+00
-8.01468323486e+00
-9.56307977267e+00
-1.11471340106e+01
-1.27350586445e+01
-1.43922917117e+01
-1.62513788851e+01
-1.84145368675e+01
-2.08588854987e+01
-2.34242900222e+01
-2.59042898136e+01
-2.81768367131e+01
-3.02749383166e+01
-3.23423364676e+01
-3.45104885714e+01
-3.67938587200e+01
-3.90804131418e+01
-4.12131743510e+01
-4.30881096092e+01
-4.46917705916e+01
-4.60634374955e+01
-4.72308891872e+01
-4.81797961568e+01
-4.88724414888e+01
-4.92817227757e+01
-4.94001853849e+01
-4.92214548876e+01
-4.87274526314e+01
-4.79076240929e+01
-4.67932029004e+01
-4.54597201721e+01
-4.39740544432e+01
-4.23226204936e+01
-4.03939892963e+01
-3.80557565903e+01
-3.52811562597e+01
-3.22209675341e+01
-2.91440847992e+01
-2.62734830834e+01
-2.36382779780e+01
-2.10618461361e+01
-1.83032700488e+01
-1.52470570561e+01
-1.19969956896e+01
-8.80765969018e+00
-5.91574552335e+00
-3.40563166793e+00
-1.20333148134e+00
8.18091915286e-01
2.72247915198e+00
4.47502375265e+00
5.99528130781e+00
7.23169023378e+00
8.18768937063e+00
8.89001489745e+00
9.34740404992e+00
9.54733050519e+00
9.48753965674e+00
9.19671362140e+00
8.71138265960e+00
8.03050796763e+00
7.10481669403e+00
5.89101717073e+00
4.43202856551e+00
2.88236224025e+00
1.43291428723e+00
1.79160592821e-01
-9.59442260364e-01
-2.18850470468e+00
-3.68032725236e+00
-5.42658433131e+00
-7.22025937107e+00
-8.78508374655e+00
-9.95328112239e+00
-1.07561638602e+01
-1.13662379058e+01
-1.19489620687e+01
-1.25463628266e+01
-1.30746779149e+01
-1.34165852576e+01
-1.35164359528e+01
-1.34013860888e+01
-1.31287133509e+01
-1.27237876397e+01
-1.21687238371e+01
-1.14422622621e+01
-1.05602825109e+01
-9.57246160734e+00
-8.52239948148e+00
-7.41931806771e+00
-6.25616817521e+00
-5.05577839176e+00
-3.89020283672e+00
-2.84006348651e+00
-1.92304683596e+00
-1.06213053627e+00
-1.38465439194e-01
9.01824666413e-01
1.97502770297e+00
2.89153064970e+00
3.47803526016e+00
3.69780140684e+00
3.67307127701e+00
3.59147647790e+00
3.57145627299e+00
3.59144166989e+00
3.53051884705e+00
3.27614309539e+00
2.80641432393e+00
2.18718806042e+00
1.50270122568e+00
7.90835622254e-01
3.81758800898e-02
-7.72386868785e-01
-1.61623616216e+00
-2.42924219034e+00
-3.15150762057e+00
-3.76573950278e+00
-4.29199716209e+00
-4.74700857399e+00
-5.11227030053e+00
-5.34463898623e+00
-5.41742423356e+00
-5.34602077073e+00
-5.16552718698e+00
-4.87710832410e+00
-4.41664146040e+00
-3.68486326017e+00
-2.62256531123e+00
-1.26824812612e+00
2.56016249108e-01
1.82587551689e+00
3.40005770047e+00
5.04106701273e+00
6.85565210825e+00
8.90535174649e+00
1.11591086603e+01
1.35204503499e+01
1.58979147855e+01
1.82554611647e+01
2.06046305227e+01
2.29556292819e+01
2.52787710995e+01
2.75120610298e+01
2.96036198996e+01
3.15449838069e+01
3.33625063183e+01
3.50758891498e+01
3.66640499722e+01
3.80700023386e+01
3.92380840308e+01
4.01466307595e+01
4.08058072297e+01
4.12261426021e+01
4.13926148550e+01
4.12730657077e+01
4.08542746748e+01
4.01690442263e+01
3.92832008107e+01
3.82485750114e+01
3.70621022795e+01
3.56693256254e+01
3.40129445747e+01
3.20872198988e+01
2.99531899135e+01
2.77032577361e+01
2.54066176629e+01
2.30811662743e+01
2.07115798787e+01
1.82919257623e+01
1.58519635324e+01
1.34450097113e+01
1.11126558068e+01
8.86248141283e+00
6.68081193141e+00
4.56819636422e+00
2.56347007165e+00
7.32998314586e-01
-8.65941336687e-01
