# E_{dir,x} num, $\epsilon_1$ = 1, v = c/400 $\mu$m/s, x = 10$\mu$m, y = 10$\mu$m, 
# b = -2.00$\mu$m, z = 0$\mu$m, plot_fieldE_direct2.2.py
4.92754221490e-04
7.33952263517e-03
3.34421873987e-02
9.25131477861e-02
1.93804568108e-01
3.41248186172e-01
5.36276285136e-01
7.81083747163e-01
1.07956212293e+00
1.43569141278e+00
1.85132044523e+00
2.32529251072e+00
2.85422362615e+00
3.43375895460e+00
4.05913287292e+00
4.72497706504e+00
5.42515123620e+00
6.15305433883e+00
6.90195782075e+00
7.66462615286e+00
8.43233267794e+00
9.19444619043e+00
9.93970357502e+00
1.06588052954e+01
1.13463579281e+01
1.20001654227e+01
1.26178471630e+01
1.31932015617e+01
1.37154057476e+01
1.41721757583e+01
1.45548568006e+01
1.48617027967e+01
1.50968702592e+01
1.52659308503e+01
1.53713240112e+01
1.54110229991e+01
1.53810148547e+01
1.52792934216e+01
1.51082551612e+01
1.48740780008e+01
1.45841776764e+01
1.42450349555e+01
1.38618272870e+01
1.34394834512e+01
1.29837399836e+01
1.25012487009e+01
1.19989908832e+01
1.14838649901e+01
1.09628156868e+01
1.04429890923e+01
9.93123344307e+00
9.43307449230e+00
8.95219353801e+00
8.49131350117e+00
8.05413888548e+00
7.64672898425e+00
7.27675563434e+00
6.95071051241e+00
6.67099534653e+00
6.43525105811e+00
6.23870740702e+00
6.07795993259e+00
5.95338166553e+00
5.86839784995e+00
5.82627789178e+00
5.82694473648e+00
5.86610917184e+00
5.93708054005e+00
6.03358044088e+00
6.15140296369e+00
6.28801858812e+00
6.44096209616e+00
6.60659227226e+00
6.78012380625e+00
6.95655416640e+00
7.13145404635e+00
7.30101189111e+00
7.46161135294e+00
7.60962245261e+00
7.74167186261e+00
7.85497717885e+00
7.94719174460e+00
8.01578656209e+00
8.05767500642e+00
8.06975826032e+00
8.05023257765e+00
7.99960558980e+00
7.92035113884e+00
7.81516385385e+00
7.68502487984e+00
7.52862634238e+00
7.34372900568e+00
7.12949724736e+00
6.88804649696e+00
6.62404601171e+00
6.34273948987e+00
6.04792220166e+00
5.74130958256e+00
5.42352143087e+00
5.09565562790e+00
4.76014441302e+00
4.42038134685e+00
4.07967969351e+00
3.74054357614e+00
3.40475345016e+00
3.07395168987e+00
2.75003915176e+00
2.43502421515e+00
2.13057667897e+00
1.83779543434e+00
1.55738891977e+00
1.28997165365e+00
1.03604788026e+00
7.95630927028e-01
5.67929990949e-01
3.51585270504e-01
1.45433361970e-01
-5.08056510853e-02
-2.36606873536e-01
-4.11584249189e-01
-5.76623796814e-01
-7.34272641879e-01
-8.87986723512e-01
-1.04074911544e+00
-1.19408412534e+00
-1.34817062573e+00
-1.50287722216e+00
-1.65884565379e+00
-1.81779787712e+00
-1.98194308105e+00
-2.15308168936e+00
-2.33214882464e+00
-2.51945613568e+00
-2.71526455698e+00
-2.92010530390e+00
-3.13459337557e+00
-3.35898407486e+00
-3.59292822051e+00
-3.83563561362e+00
-4.08624338673e+00
-4.34401809156e+00
-4.60823573113e+00
-4.87793494897e+00
-5.15185899843e+00
-5.42867569249e+00
-5.70723404883e+00
-5.98653448230e+00
-6.26536167484e+00
-6.54189988674e+00
-6.81374567951e+00
-7.07842465124e+00
-7.33406561476e+00
-7.57970179687e+00
-7.81494257420e+00
-8.03926950588e+00
-8.25151780119e+00
-8.44994337832e+00
-8.63278986405e+00
-8.79887954209e+00
-8.94777984162e+00
-9.07949066002e+00
-9.19399565023e+00
-9.29108386019e+00
-9.37055523522e+00
-9.43256555974e+00
-9.47776592440e+00
-9.50711348546e+00
-9.52154392794e+00
-9.52180798024e+00
-9.50859941605e+00
-9.48282537157e+00
-9.44575577267e+00
-9.39892931789e+00
-9.34393452552e+00
-9.28228706743e+00
-9.21549868827e+00
-9.14521651059e+00
-9.07322776819e+00
-9.00126106917e+00
-8.93073796634e+00
-8.86271214609e+00
-8.79808528938e+00
-8.73793535234e+00
-8.68367206076e+00
-8.63686591316e+00
-8.59887089414e+00
-8.57053556935e+00
-8.55221799701e+00
-8.54406004482e+00
-8.54626743276e+00
-8.55916227331e+00
-8.58299436459e+00
-8.61771122297e+00
-8.66290635643e+00
-8.71798597094e+00
-8.78238994844e+00
-8.85565994033e+00
-8.93729607144e+00
-9.02653932307e+00
-9.12227993717e+00
