# omega [THz]     Re(E_{ref,x}) QE num     Re(E_{ref,x}) sin QE num, $\epsilon_1$ = 1, $\epsilon_2$ = 1, v = c/400 $\mu$m/s, b = -20$\mu$m
# $\hbar\mu$ = 0.70eV, $\hbar\gamma$ = 0.0001eV, $z_p=2.00\mu$m
1.00000000000e-03	2.74045430232e-10	2.73988992680e-10
2.00000000000e-03	4.08780097731e-09	4.08690341380e-09
3.00000000000e-03	1.90780745203e-08	1.90735750465e-08
4.00000000000e-03	5.50020715842e-08	5.49880439804e-08
5.00000000000e-03	1.21302243295e-07	1.21268592331e-07
6.00000000000e-03	2.25236998406e-07	2.25168707017e-07
7.00000000000e-03	3.70854774760e-07	3.70731459152e-07
8.00000000000e-03	5.58888016265e-07	5.58683836382e-07
9.00000000000e-03	7.87453175530e-07	7.87137136824e-07
1.00000000000e-02	1.05329780283e-06	1.05283447224e-06
1.10000000000e-02	1.35325773163e-06	1.35260837643e-06
1.20000000000e-02	1.68558278142e-06	1.68470692430e-06
1.30000000000e-02	2.05085047049e-06	2.04970783884e-06
1.40000000000e-02	2.45229519857e-06	2.45084803009e-06
1.50000000000e-02	2.89551022523e-06	2.89372587683e-06
1.60000000000e-02	3.38760549579e-06	3.38545928868e-06
1.70000000000e-02	3.93600356467e-06	3.93348178531e-06
1.80000000000e-02	4.54711327333e-06	4.54421623905e-06
1.90000000000e-02	5.22513014876e-06	5.22187523752e-06
2.00000000000e-02	5.97117642585e-06	5.96760096312e-06
2.10000000000e-02	6.78292247192e-06	6.77908636328e-06
2.20000000000e-02	7.65474052595e-06	7.65072852281e-06
2.30000000000e-02	8.57834828110e-06	8.57427176837e-06
2.40000000000e-02	9.54381997307e-06	9.53981817196e-06
2.50000000000e-02	1.05407885890e-05	1.05370290755e-05
2.60000000000e-02	1.15596414854e-05	1.15563199357e-05
2.70000000000e-02	1.25925240054e-05	1.25898630784e-05
2.80000000000e-02	1.36340069595e-05	1.36322543275e-05
2.90000000000e-02	1.46813351597e-05	1.46807604981e-05
3.00000000000e-02	1.57342442162e-05	1.57351352783e-05
3.10000000000e-02	1.67943997966e-05	1.67970575110e-05
3.20000000000e-02	1.78645672746e-05	1.78692998978e-05
3.30000000000e-02	1.89476529184e-05	1.89547692858e-05
3.40000000000e-02	2.00457670670e-05	2.00555690296e-05
3.50000000000e-02	2.11594456929e-05	2.11722198369e-05
3.60000000000e-02	2.22871334471e-05	2.23031422248e-05
3.70000000000e-02	2.34249854060e-05	2.34444576953e-05
3.80000000000e-02	2.45669942204e-05	2.45901164277e-05
3.90000000000e-02	2.57054021839e-05	2.57323073620e-05
4.00000000000e-02	2.68313205208e-05	2.68620797844e-05
4.10000000000e-02	2.79354555769e-05	2.79700686728e-05
4.20000000000e-02	2.90088355277e-05	2.90472216729e-05
4.30000000000e-02	3.00434412468e-05	3.00854329825e-05
4.40000000000e-02	3.10326670839e-05	3.10780020252e-05
4.50000000000e-02	3.19715699833e-05	3.20198858421e-05
4.60000000000e-02	3.28568978238e-05	3.29077284861e-05
4.70000000000e-02	3.36869214171e-05	3.37396947186e-05
4.80000000000e-02	3.44611193185e-05	3.45151567212e-05
4.90000000000e-02	3.51797806151e-05	3.52342989458e-05
5.00000000000e-02	3.58435956529e-05	3.58977110421e-05
5.10000000000e-02	3.64532989165e-05	3.65060330382e-05
5.20000000000e-02	3.70094138245e-05	3.70597025027e-05
5.30000000000e-02	3.75121290148e-05	3.75588332212e-05
5.40000000000e-02	3.79613132109e-05	3.80032324348e-05
5.50000000000e-02	3.83566544572e-05	3.83925423829e-05
5.60000000000e-02	3.86978922824e-05	3.87264746464e-05
5.70000000000e-02	3.89851002586e-05	3.90050948009e-05
5.80000000000e-02	3.92189724187e-05	3.92291107849e-05
5.90000000000e-02	3.94010699373e-05	3.94001201058e-05
6.00000000000e-02	3.95339932464e-05	3.95207853034e-05
6.10000000000e-02	3.96214575550e-05	3.95949088463e-05
6.20000000000e-02	3.96682643357e-05	3.96274048257e-05
6.30000000000e-02	3.96801755611e-05	3.96241746198e-05
6.40000000000e-02	3.96637093584e-05	3.95919014289e-05
6.50000000000e-02	3.96258839172e-05	3.95377934698e-05
6.60000000000e-02	3.95739402116e-05	3.94693055659e-05
6.70000000000e-02	3.95150733401e-05	3.93938686175e-05
6.80000000000e-02	3.94561976537e-05	3.93186524850e-05
6.90000000000e-02	3.94037633898e-05	3.92503798710e-05
7.00000000000e-02	3.93636336069e-05	3.91952000327e-05
7.10000000000e-02	3.93410212080e-05	3.91586221423e-05
7.20000000000e-02	3.93404780062e-05	3.91455002787e-05
7.30000000000e-02	3.93659220591e-05	3.91600563228e-05
7.40000000000e-02	3.94206864368e-05	3.92059239786e-05
7.50000000000e-02	3.95075723001e-05	3.92861968364e-05
7.60000000000e-02	3.96288913643e-05	3.94034656482e-05
7.70000000000e-02	3.97864869297e-05	3.95598340483e-05
7.80000000000e-02	3.99817278630e-05	3.97569071935e-05
7.90000000000e-02	4.02154753782e-05	3.99957532508e-05
8.00000000000e-02	4.04880273828e-05	4.02768425812e-05
8.10000000000e-02	4.07990489160e-05	4.05999732595e-05
8.20000000000e-02	4.11474994016e-05	4.09641937075e-05
8.30000000000e-02	4.15315679304e-05	4.13677337758e-05
8.40000000000e-02	4.19486267089e-05	4.18079544867e-05
8.50000000000e-02	4.23952104503e-05	4.22813243002e-05
8.60000000000e-02	4.28670263136e-05	4.27834266009e-05
8.70000000000e-02	4.33589955259e-05	4.33089995621e-05
8.80000000000e-02	4.38653245382e-05	4.38520061926e-05
8.90000000000e-02	4.43796008769e-05	4.44057312930e-05
9.00000000000e-02	4.48949070631e-05	4.49628938636e-05
9.10000000000e-02	4.54039451670e-05	4.55157756267e-05
9.20000000000e-02	4.58991647650e-05	4.60563509820e-05
9.30000000000e-02	4.63728880895e-05	4.65764156601e-05
9.40000000000e-02	4.68174277691e-05	4.70677093728e-05
9.50000000000e-02	4.72251944497e-05	4.75220290157e-05
9.60000000000e-02	4.75887934752e-05	4.79313318819e-05
9.70000000000e-02	4.79011114188e-05	4.82878295823e-05
9.80000000000e-02	4.81553944125e-05	4.85840745510e-05
9.90000000000e-02	4.83453208136e-05	4.88130415995e-05
1.00000000000e-01	4.84650707711e-05	4.89682069575e-05
1.01000000000e-01	4.85093947694e-05	4.90436268347e-05
1.02000000000e-01	4.84736823714e-05	4.90340165168e-05
1.03000000000e-01	4.83540313243e-05	4.89348300874e-05
1.04000000000e-01	4.81473161021e-05	4.87423396878e-05
1.05000000000e-01	4.78512540093e-05	4.84537122814e-05
1.06000000000e-01	4.74644662708e-05	4.80670812032e-05
1.07000000000e-01	4.69865311770e-05	4.75816093937e-05
1.08000000000e-01	4.64180263500e-05	4.69975412220e-05
1.09000000000e-01	4.57605575211e-05	4.63162401329e-05
1.10000000000e-01	4.50167718127e-05	4.55402099338e-05
1.11000000000e-01	4.41903542620e-05	4.46730983536e-05
1.12000000000e-01	4.32860071672e-05	4.37196822108e-05
1.13000000000e-01	4.23094126203e-05	4.26858345405e-05
1.14000000000e-01	4.12671792626e-05	4.15784883442e-05
1.15000000000e-01	4.01667748122e-05	4.04055015787e-05
1.16000000000e-01	3.90164461670e-05	3.91757156603e-05
1.17000000000e-01	3.78251291373e-05	3.78987252391e-05
1.18000000000e-01	3.66023495038e-05	3.65848445447e-05
1.19000000000e-01	3.53581172821e-05	3.52449848675e-05
1.20000000000e-01	3.41028155250e-05	3.38905322260e-05
1.21000000000e-01	3.28470848841e-05	3.25332275849e-05
1.22000000000e-01	3.16017048869e-05	3.11850355764e-05
1.23000000000e-01	3.03774727507e-05	2.98580118478e-05
1.24000000000e-01	2.91850804908e-05	2.85641666679e-05
1.25000000000e-01	2.80349911354e-05	2.73153262387e-05
1.26000000000e-01	2.69373149766e-05	2.61229928244e-05
1.27000000000e-01	2.59016869645e-05	2.49982048464e-05
1.28000000000e-01	2.49371465604e-05	2.39513986207e-05
1.29000000000e-01	2.40520215523e-05	2.29922733285e-05
1.30000000000e-01	2.32538174924e-05	2.21296611570e-05
1.31000000000e-01	2.25491145030e-05	2.13714045937e-05
1.32000000000e-01	2.19434732075e-05	2.07242428871e-05
1.33000000000e-01	2.14413514194e-05	2.01937096259e-05
1.34000000000e-01	2.10460334897e-05	1.97840432415e-05
1.35000000000e-01	2.07595725340e-05	1.94981120340e-05
1.36000000000e-01	2.05827484394e-05	1.93373550509e-05
1.37000000000e-01	2.05150405893e-05	1.93017398724e-05
1.38000000000e-01	2.05546169025e-05	1.93897380452e-05
1.39000000000e-01	2.06983390261e-05	1.95983186271e-05
1.40000000000e-01	2.09417836991e-05	1.99229600296e-05
1.41000000000e-01	2.12792799736e-05	2.03576801083e-05
1.42000000000e-01	2.17039621849e-05	2.08950842447e-05
1.43000000000e-01	2.22078370473e-05	2.15264309037e-05
1.44000000000e-01	2.27818658311e-05	2.22417142364e-05
1.45000000000e-01	2.34160590682e-05	2.30297627153e-05
1.46000000000e-01	2.40995838402e-05	2.38783531242e-05
1.47000000000e-01	2.48208822363e-05	2.47743385640e-05
1.48000000000e-01	2.55677998431e-05	2.57037901006e-05
1.49000000000e-01	2.63277229688e-05	2.66521477194e-05
1.50000000000e-01	2.70877231746e-05	2.76043868244e-05
1.51000000000e-01	2.78347075726e-05	2.85451858491e-05
1.52000000000e-01	2.85555732272e-05	2.94591060908e-05
1.53000000000e-01	2.92373638936e-05	3.03307738550e-05
1.54000000000e-01	2.98674272442e-05	3.11450654060e-05
1.55000000000e-01	3.04335706663e-05	3.18872923697e-05
1.56000000000e-01	3.09242136936e-05	3.25433850031e-05
1.57000000000e-01	3.13285351268e-05	3.31000712663e-05
1.58000000000e-01	3.16366129441e-05	3.35450493240e-05
1.59000000000e-01	3.18395551659e-05	3.38671512569e-05
1.60000000000e-01	3.19296576841e-05	3.40565334463e-05
1.61000000000e-01	3.19003232804e-05	3.41046283066e-05
1.62000000000e-01	3.17465328943e-05	3.40046453523e-05
1.63000000000e-01	3.14645470059e-05	3.37513034206e-05
1.64000000000e-01	3.10521568863e-05	3.33411089767e-05
1.65000000000e-01	3.05086922991e-05	3.27723892972e-05
1.66000000000e-01	2.98359301197e-05	3.20462237302e-05
1.67000000000e-01	2.90336986127e-05	3.11620674273e-05
1.68000000000e-01	2.81086781445e-05	3.01265682176e-05
1.69000000000e-01	2.70655631326e-05	2.89447407002e-05
1.70000000000e-01	2.59114204832e-05	2.76243329237e-05
1.71000000000e-01	2.46547437916e-05	2.61748844511e-05
1.72000000000e-01	2.33053708817e-05	2.46076432770e-05
1.73000000000e-01	2.18743844552e-05	2.29354611949e-05
1.74000000000e-01	2.03739968210e-05	2.11726686312e-05
1.75000000000e-01	1.88170437660e-05	1.93345544701e-05
1.76000000000e-01	1.72187217291e-05	1.74390797933e-05
1.77000000000e-01	1.55926714354e-05	1.55029459102e-05
1.78000000000e-01	1.39545736777e-05	1.35451524730e-05
1.79000000000e-01	1.23200951168e-05	1.15849163122e-05
1.80000000000e-01	1.07050844678e-05	9.64182870447e-06
1.81000000000e-01	9.12538836606e-06	7.73563160852e-06
1.82000000000e-01	7.59666509293e-06	5.88598798439e-06
1.83000000000e-01	6.13419856498e-06	4.11224936958e-06
1.84000000000e-01	4.75271454794e-06	2.43322379691e-06
1.85000000000e-01	3.46620149074e-06	8.66946464341e-07
1.86000000000e-01	2.28773809082e-06	-5.69543951053e-07
1.87000000000e-01	1.22932971487e-06	-1.86042062596e-06
1.88000000000e-01	3.01755707055e-07	-2.99127290150e-06
1.89000000000e-01	-4.85570500166e-07	-3.94929699948e-06
1.90000000000e-01	-1.12472668635e-06	-4.72347069826e-06
1.91000000000e-01	-1.60939093220e-06	-5.30470967409e-06
1.92000000000e-01	-1.93493304435e-06	-5.68600340241e-06
1.93000000000e-01	-2.09848706090e-06	-5.86252872308e-06
1.94000000000e-01	-2.09900379290e-06	-5.83173940468e-06
1.95000000000e-01	-1.93728258084e-06	-5.59343030884e-06
1.96000000000e-01	-1.61598168235e-06	-5.14977502913e-06
1.97000000000e-01	-1.13960695231e-06	-4.50533617058e-06
1.98000000000e-01	-5.14431270159e-07	-3.66700020964e-06
1.99000000000e-01	2.51401472682e-07	-2.64409071045e-06
2.00000000000e-01	1.14812889473e-06	-1.44810890784e-06
