# EELS QE num, $\epsilon_1$ = 1, v = c/400 $\mu$m/s, xD = 0$\mu$m, b = -2.00$\mu$m
# $\epsilon_2$ = 1, $\hbar\mu$ = 0.70eV, $\hbar\gamma$ = 0.0001eV, $z_p=2.00\mu$m
# $\kappa$ = 0.10$\omega_0$, $\kappa_r$ = 0.50$\kappa$, $\omega_0$ =0.30THz
1.74901219366e+15
3.48765860338e+16
9.94701110254e+16
1.57885118168e+17
2.08325452119e+17
2.67327818421e+17
3.41094074674e+17
4.32616845322e+17
5.53016695010e+17
7.20221385475e+17
9.66243186941e+17
1.36989827633e+18
2.14737741922e+18
4.16022979343e+18
1.98453881758e+19
-9.33609071416e+18
-4.29191356608e+18
-3.03928743322e+18
-2.51720051614e+18
-2.27690174889e+18
-2.18849484135e+18
-2.20621063730e+18
-2.32101519244e+18
-2.54734452616e+18
-2.92732945517e+18
-3.55756507888e+18
-4.66812823844e+18
-6.93322644651e+18
-1.35057069011e+19
-1.59272658783e+20
1.76579789572e+19
8.87855870680e+18
6.24711007763e+18
5.05949338699e+18
4.45428614304e+18
4.16210926807e+18
4.08288990660e+18
4.18633157087e+18
4.48679867948e+18
5.05023741651e+18
6.03699838619e+18
7.84897429692e+18
1.17559439309e+19
2.46962039454e+19
-2.27977512733e+20
-2.09739166981e+19
-1.14109636727e+19
-8.15331892075e+18
-6.60677998560e+18
-5.79032062677e+18
-5.37838056557e+18
-5.24515022503e+18
-5.35164058798e+18
-5.71771595274e+18
-6.43296875377e+18
-7.72091704249e+18
-1.01679409863e+19
-1.57768098925e+19
-3.81465972584e+19
8.68446713597e+19
2.07666682223e+19
1.21740468532e+19
8.92464129252e+18
7.31819000153e+18
6.45431645660e+18
6.01699428344e+18
5.88188916747e+18
6.01366996831e+18
6.44170641280e+18
7.27830634016e+18
8.80527680182e+18
1.17894426215e+19
1.90737103218e+19
5.61268715621e+19
-5.71544089450e+19
-1.92526455740e+19
-1.19046109829e+19
-8.90808807674e+18
-7.38247290363e+18
-6.55459556572e+18
-6.14162732317e+18
-6.03230921390e+18
-6.20024254237e+18
-6.68653321358e+18
-7.62721530887e+18
-9.36554725547e+18
-1.28803489610e+19
-2.22226297860e+19
-9.69619078574e+19
4.01734700372e+19
1.69388755899e+19
1.10361316667e+19
8.45922994503e+18
7.11173717055e+18
6.37740138217e+18
6.02219874313e+18
5.95509952542e+18
6.16138782572e+18
6.69365744851e+18
7.70807525514e+18
9.60180338269e+18
