# EELS num, $\epsilon_1$ = 1, v = c/400 $\mu$m/s, xD = 0$\mu$m, b = -2.00$\mu$m
# $\epsilon_2$ = 1, $\hbar\mu$ = 0.70eV, $\hbar\gamma$ = 0.0001eV, $z_p=2.00\mu$m
# $\kappa$ = 0.10$\omega_0$, $\kappa_r$ = 0.50$\kappa$, $\omega_0$ =0.30THz
1.74525467131e+15
3.48076295152e+16
9.92983159294e+16
1.57643152332e+17
2.08017929824e+17
2.66930515361e+17
3.40590187833e+17
4.31985176170e+17
5.52215691439e+17
7.19192182985e+17
9.64876499945e+17
1.36795646019e+18
2.14434067170e+18
4.15443459512e+18
1.98180082269e+19
-9.32319701263e+18
-4.28600958807e+18
-3.03515922890e+18
-2.51381180042e+18
-2.27384891070e+18
-2.18558068799e+18
-2.20329966319e+18
-2.31797850724e+18
-2.54404240952e+18
-2.92356869831e+18
-3.55302612369e+18
-4.66222398044e+18
-6.92456132912e+18
-1.34889899631e+19
-1.59077223296e+20
1.76364374200e+19
8.86785218808e+18
6.23964448434e+18
5.05348858092e+18
4.44904348144e+18
4.15725456047e+18
4.07816529028e+18
4.18152399461e+18
4.48168334417e+18
5.04451620106e+18
6.03020666228e+18
7.84021219220e+18
1.17428999510e+19
2.46689244744e+19
-2.27728998231e+20
-2.09510928467e+19
-1.13986129355e+19
-8.14453605175e+18
-6.59970595108e+18
-5.78416102451e+18
-5.37269254853e+18
-5.23963539646e+18
-5.34604782443e+18
-5.71177612461e+18
-6.42632883571e+18
-7.71300213553e+18
-1.01575811175e+19
-1.57608297753e+19
-3.81082555502e+19
8.67574438659e+19
2.07459978555e+19
1.21619989981e+19
8.91586388932e+18
7.31103572332e+18
6.44803910379e+18
6.01117055043e+18
5.87622317449e+18
6.00790224647e+18
6.43555391329e+18
7.27138196879e+18
8.79692586658e+18
1.17782915443e+19
1.90557186708e+19
5.60739377634e+19
-5.71010915356e+19
-1.92346731710e+19
-1.18935211989e+19
-8.89980865511e+18
-7.37562479089e+18
-6.54852819790e+18
-6.13595584310e+18
-6.02675222540e+18
-6.19454542598e+18
-6.68040568718e+18
-7.62024380349e+18
-9.35701063185e+18
-1.28686478459e+19
-2.22025198357e+19
-9.68750668177e+19
4.01370412145e+19
1.69235977746e+19
1.10262081552e+19
8.45164005949e+18
7.10536836333e+18
6.37169977031e+18
6.01682125617e+18
5.94978619291e+18
6.15589268205e+18
6.68768709677e+18
7.70119703124e+18
9.59322893880e+18
