# E_{dir,x} QE num, $\epsilon_1$ = 1, v = c/400 $\mu$m/s, x = 1$\mu$m, y = 1$\mu$m, 
# b = -2.00$\mu$m, z = 1$\mu$m, plot_fieldE_direct2.2.py
4.90276276938e-04
7.27908780903e-03
3.31399311114e-02
9.17666465395e-02
1.92640390966e-01
3.40114214755e-01
5.36278145609e-01
7.84657075095e-01
1.09174724798e+00
1.46555151561e+00
1.91273917357e+00
2.43691035189e+00
3.03921620051e+00
3.72048827252e+00
4.48285618007e+00
5.32947308730e+00
6.26275735293e+00
7.28291098274e+00
8.38823983189e+00
9.57719694265e+00
1.08504749206e+01
1.22112592950e+01
1.36631560923e+01
1.52072201233e+01
1.68403832628e+01
1.85566613971e+01
2.03504631037e+01
2.22196977372e+01
2.41664426986e+01
2.61946573464e+01
2.83065436693e+01
3.05000927988e+01
3.27694582172e+01
3.51077647048e+01
3.75103028825e+01
3.99759406667e+01
4.25059940131e+01
4.51016226688e+01
4.77617150052e+01
5.04826375606e+01
5.32597197177e+01
5.60891150451e+01
5.89686072225e+01
6.18969422480e+01
6.48724834483e+01
6.78924381439e+01
7.09533023248e+01
7.40520726708e+01
7.71871050592e+01
8.03577911628e+01
8.35632213326e+01
8.68008817803e+01
9.00664795097e+01
9.33551505980e+01
9.66632350131e+01
9.99893266945e+01
1.03333802317e+02
1.06697127840e+02
1.10078121744e+02
1.13473374196e+02
1.16878185966e+02
1.20288327347e+02
1.23701393179e+02
1.27116887847e+02
1.30535105623e+02
1.33955680073e+02
1.37376804259e+02
1.40795544470e+02
1.44208864797e+02
1.47614544306e+02
1.51011371923e+02
1.54398622374e+02
1.57775345165e+02
1.61140054199e+02
1.64491001302e+02
1.67826715522e+02
1.71146295937e+02
1.74449189469e+02
1.77734641880e+02
1.81001298294e+02
1.84247319080e+02
1.87470963190e+02
1.90671207655e+02
1.93847922251e+02
1.97001441454e+02
2.00131823235e+02
2.03238317535e+02
2.06319415756e+02
2.09373436034e+02
2.12399227169e+02
2.15396511649e+02
2.18365663347e+02
2.21307113522e+02
2.24220811708e+02
2.27106087156e+02
2.29961947122e+02
2.32787549797e+02
2.35582509101e+02
2.38346856587e+02
2.41080751662e+02
2.43784192534e+02
2.46456934449e+02
2.49098630988e+02
2.51709040566e+02
2.54288113419e+02
2.56835897494e+02
2.59352361710e+02
2.61837300816e+02
2.64290411485e+02
2.66711482532e+02
2.69100544653e+02
2.71457853530e+02
2.73783709141e+02
2.76078240890e+02
2.78341315574e+02
2.80572634739e+02
2.82771950750e+02
2.84939249239e+02
2.87074776047e+02
2.89178901004e+02
2.91251922307e+02
2.93293945887e+02
2.95304909757e+02
2.97284718333e+02
2.99233383222e+02
3.01151078062e+02
3.03038087312e+02
3.04894703752e+02
3.06721153970e+02
3.08517596127e+02
3.10284174297e+02
3.12021076255e+02
3.13728550209e+02
3.15406876563e+02
3.17056327299e+02
3.18677150397e+02
3.20269590592e+02
3.21833925486e+02
3.23370484188e+02
3.24879631777e+02
3.26361731548e+02
3.27817114366e+02
3.29246077767e+02
3.30648913714e+02
3.32025942781e+02
3.33377529712e+02
3.34704071062e+02
3.36005966288e+02
3.37283593491e+02
3.38537304336e+02
3.39767436898e+02
3.40974333161e+02
3.42158347778e+02
3.43319844141e+02
3.44459183842e+02
3.45576718556e+02
3.46672788633e+02
3.47747725973e+02
3.48801856111e+02
3.49835497157e+02
3.50848957516e+02
3.51842535598e+02
3.52816521960e+02
3.53771200881e+02
3.54706848205e+02
3.55623726067e+02
3.56522079237e+02
3.57402137855e+02
3.58264126301e+02
3.59108271807e+02
3.59934804977e+02
3.60743949756e+02
3.61535909122e+02
3.62310857662e+02
3.63068948513e+02
3.63810331914e+02
3.64535173293e+02
3.65243658038e+02
3.65935979081e+02
3.66612315877e+02
3.67272819925e+02
3.67917617496e+02
3.68546827892e+02
3.69160584528e+02
3.69759044589e+02
3.70342381917e+02
3.70910770177e+02
3.71464369764e+02
3.72003327869e+02
3.72527790201e+02
3.73037913954e+02
3.73533871538e+02
3.74015843041e+02
3.74484005120e+02
3.74938527009e+02
3.75379578073e+02
3.75807341090e+02
3.76222019637e+02
3.76623831827e+02
3.77012993320e+02
