# E_{dir,x} num, $\epsilon_1$ = 1, v = c/400 $\mu$m/s, x = 1$\mu$m, y = 1$\mu$m, 
# b = -2.00$\mu$m, z = 1$\mu$m, plot_fieldE_direct2.2.py
-2.07172456028e-08
-2.40711064812e-06
-3.55949297214e-05
-2.20133582391e-04
-8.27345897186e-04
-2.23595098361e-03
-4.76931054309e-03
-8.53694915909e-03
-1.34564965151e-02
-1.95079055870e-02
-2.70527803250e-02
-3.69362047981e-02
-5.02134113421e-02
-6.76418824930e-02
-8.93119297112e-02
-1.14738962833e-01
-1.43411063783e-01
-1.75419991508e-01
-2.11701679690e-01
-2.53679544442e-01
-3.02550307145e-01
-3.58730598042e-01
-4.21866467475e-01
-4.91379937786e-01
-5.67121326872e-01
-6.49633650698e-01
-7.39862379442e-01
-8.38592251964e-01
-9.46096913320e-01
-1.06228255131e+00
-1.18716781589e+00
-1.32124092699e+00
-1.46533266750e+00
-1.62006984188e+00
-1.78537322146e+00
-1.96048685450e+00
-2.14462140999e+00
-2.33777072352e+00
-2.54104846556e+00
-2.75619601466e+00
-2.98453150387e+00
-3.22607418975e+00
-3.47951105339e+00
-3.74309222824e+00
-4.01586471393e+00
-4.29838635695e+00
-4.59241523047e+00
-4.89979250594e+00
-5.22130125396e+00
-5.55627934402e+00
-5.90320601323e+00
-6.26079070125e+00
-6.62877592352e+00
-7.00793458727e+00
-7.39936502730e+00
-7.80368160056e+00
-8.22070571403e+00
-8.64981235893e+00
-9.09055898358e+00
-9.54303466088e+00
-1.00076479335e+01
-1.04845723717e+01
-1.09733713478e+01
-1.14731787080e+01
-1.19833382123e+01
-1.25039904755e+01
-1.30360882901e+01
-1.35807447262e+01
-1.41383512352e+01
-1.47081248566e+01
-1.52884651090e+01
-1.58779163591e+01
-1.64760751140e+01
-1.70837997706e+01
-1.77025671136e+01
-1.83334210276e+01
-1.89762373282e+01
-1.96297889548e+01
-2.02925238051e+01
-2.09634838749e+01
-2.16427390417e+01
-2.23310960899e+01
-2.30293671463e+01
-2.37377560640e+01
-2.44557693640e+01
-2.51826288168e+01
-2.59177981679e+01
-2.66612037371e+01
-2.74130224957e+01
-2.81732761863e+01
-2.89416123515e+01
-2.97174715088e+01
-3.05004958784e+01
-3.12908159443e+01
-3.20889372203e+01
-3.28952732518e+01
-3.37096726336e+01
-3.45313228891e+01
-3.53591454445e+01
-3.61924243731e+01
-3.70312209902e+01
-3.78762659111e+01
-3.87283905075e+01
-3.95878886122e+01
-4.04542466727e+01
-4.13264158695e+01
-4.22034202458e+01
-4.30848748927e+01
-4.39710764375e+01
-4.48626450890e+01
-4.57600045407e+01
-4.66630668501e+01
-4.75713055740e+01
-4.84841072185e+01
-4.94011100480e+01
-5.03222907231e+01
-5.12477809855e+01
-5.21776049154e+01
-5.31115645142e+01
-5.40493540223e+01
-5.49907825238e+01
-5.59358950083e+01
-5.68848721034e+01
-5.78377798344e+01
-5.87943752980e+01
-5.97541417722e+01
-6.07165509542e+01
-6.16813679836e+01
-6.26487697343e+01
-6.36191764843e+01
-6.45929057126e+01
-6.55698886427e+01
-6.65496475218e+01
-6.75315469035e+01
-6.85151413713e+01
-6.95003820390e+01
-7.04875525798e+01
-7.14769977007e+01
-7.24688426841e+01
-7.34628903565e+01
-7.44587417988e+01
-7.54560290638e+01
-7.64545857105e+01
-7.74544488505e+01
-7.84557217565e+01
-7.94584227576e+01
-8.04624369216e+01
-8.14675903684e+01
-8.24737660785e+01
-8.34809540586e+01
-8.44891925543e+01
-8.54984536972e+01
-8.65085763964e+01
-8.75193121510e+01
-8.85304567607e+01
-8.95419675366e+01
-9.05539705389e+01
-9.15666429398e+01
-9.25800503552e+01
-9.35940556160e+01
-9.46083660114e+01
-9.56226873200e+01
-9.66368777433e+01
-9.76509971381e+01
-9.86652228142e+01
-9.96796957663e+01
-1.00694404341e+02
-1.01709178658e+02
-1.02723787610e+02
-1.03738061882e+02
-1.04751957833e+02
-1.05765528645e+02
-1.06778837828e+02
-1.07791885234e+02
-1.08804595672e+02
-1.09816866159e+02
-1.10828624131e+02
-1.11839847303e+02
-1.12850533363e+02
-1.13860651124e+02
-1.14870119043e+02
-1.15878832291e+02
-1.16886717478e+02
-1.17893769411e+02
-1.18900036730e+02
-1.19905563044e+02
-1.20910325901e+02
-1.21914219656e+02
-1.22917096992e+02
-1.23918841076e+02
-1.24919417981e+02
-1.25918873288e+02
-1.26917276510e+02
-1.27914652871e+02
-1.28910948657e+02
-1.29906050626e+02
-1.30899841866e+02
-1.31892253570e+02
-1.32883279233e+02
-1.33872947058e+02
