# E [eV]     Re(phi,n), v = c/10, b = -10 nm
# a = 185 nm, $z_p$ = $z^{opt}_p$, plot_potential.py
1.02433611531e+00	2.47196870953e-02	-4.38953662946e-02
1.07189665555e+00	2.40000844475e-02	-4.82913916578e-02
1.11945719579e+00	2.31736981838e-02	-5.24588832904e-02
1.16701773603e+00	2.22856651991e-02	-5.64270937766e-02
1.21457827627e+00	2.13584610707e-02	-6.02181496579e-02
1.26213881651e+00	2.04044096964e-02	-6.38588877892e-02
1.30969935675e+00	1.94341978809e-02	-6.73828992207e-02
1.35725989699e+00	1.84621265815e-02	-7.08306692934e-02
1.40482043723e+00	1.75106966440e-02	-7.42499919487e-02
1.45238097747e+00	1.66167514918e-02	-7.76967596433e-02
1.49994151771e+00	1.58416076532e-02	-8.12350392561e-02
1.54750205795e+00	1.52885565620e-02	-8.49330587826e-02
1.59506259819e+00	1.51316068799e-02	-8.88455860959e-02
1.64262313843e+00	1.56527174956e-02	-9.29585741567e-02
1.69018367866e+00	1.72454857859e-02	-9.70517877897e-02
1.73774421890e+00	2.02280299854e-02	-1.00484221793e-01
1.78530475914e+00	2.42910597766e-02	-1.02249667046e-01
1.83286529938e+00	2.82103646630e-02	-1.01859620675e-01
1.88042583962e+00	3.08745987009e-02	-1.00026166266e-01
1.92798637986e+00	3.21821038964e-02	-9.77948703507e-02
1.97554692010e+00	3.25719313415e-02	-9.57112817210e-02
2.02310746034e+00	3.24516978472e-02	-9.38933000530e-02
2.07066800058e+00	3.20677928159e-02	-9.22957078424e-02
2.11822854082e+00	3.15494342324e-02	-9.08427756669e-02
2.16578908106e+00	3.09609968214e-02	-8.94686802760e-02
2.21334962130e+00	3.03337708324e-02	-8.81241547717e-02
2.26091016154e+00	2.96825351366e-02	-8.67741064173e-02
2.30847070178e+00	2.90138675701e-02	-8.53939148256e-02
2.35603124202e+00	2.83302961318e-02	-8.39663189310e-02
2.40359178226e+00	2.76323866405e-02	-8.24791346910e-02
2.45115232250e+00	2.69197958945e-02	-8.09236451437e-02
2.49871286274e+00	2.61917983301e-02	-7.92934706681e-02
2.54627340298e+00	2.54475369633e-02	-7.75837568655e-02
2.59383394322e+00	2.46861288976e-02	-7.57905742990e-02
2.64139448346e+00	2.39066888365e-02	-7.39104448741e-02
2.68895502370e+00	2.31083035975e-02	-7.19399370767e-02
2.73651556394e+00	2.22899771366e-02	-6.98752973723e-02
2.78407610418e+00	2.14505513425e-02	-6.77120783738e-02
2.83163664442e+00	2.05886133504e-02	-6.54447628314e-02
2.87919718466e+00	1.97023986101e-02	-6.30663913358e-02
2.92675772490e+00	1.87897192296e-02	-6.05682756830e-02
2.97431826514e+00	1.78479782146e-02	-5.79399904739e-02
3.02187880538e+00	1.68743909062e-02	-5.51700480442e-02
3.06943934562e+00	1.58666202492e-02	-5.22479681300e-02
3.11699988586e+00	1.48240788462e-02	-4.91686500866e-02
3.16456042610e+00	1.37500037667e-02	-4.59395188648e-02
3.21212096634e+00	1.26538352032e-02	-4.25890104576e-02
3.25968150658e+00	1.15525303637e-02	-3.91718279368e-02
3.30724204682e+00	1.04691662223e-02	-3.57651761472e-02
3.35480258706e+00	9.42860617508e-03	-3.24547225692e-02
3.40236312730e+00	8.45227132593e-03	-2.93168094952e-02
3.44992366754e+00	7.55465630728e-03	-2.64059366973e-02
3.49748420778e+00	6.74261072278e-03	-2.37513940125e-02
3.54504474802e+00	6.01661850563e-03	-2.13608200978e-02
3.59260528826e+00	5.37279888510e-03	-1.92265059714e-02
3.64016582850e+00	4.80476613129e-03	-1.73314873208e-02
3.68772636874e+00	4.30501971046e-03	-1.56542220342e-02
3.73528690898e+00	3.86585353682e-03	-1.41717325470e-02
3.78284744922e+00	3.47988874079e-03	-1.28615116658e-02
3.83040798946e+00	3.14034819069e-03	-1.17025612643e-02
3.87796852970e+00	2.84116786745e-03	-1.06758706559e-02
3.92552906993e+00	2.57701223815e-03	-9.76455602523e-03
3.97308961017e+00	2.34323736627e-03	-8.95380782693e-03
4.02065015041e+00	2.13582894079e-03	-8.23073929116e-03
4.06821069065e+00	1.95133117673e-03	-7.58419197010e-03
4.11577123089e+00	1.78677559457e-03	-7.00453093726e-03
4.16333177113e+00	1.63961438348e-03	-6.48344754121e-03
4.21089231137e+00	1.50766036143e-03	-6.01377816140e-03
4.25845285161e+00	1.38903421308e-03	-5.58934266451e-03
4.30601339185e+00	1.28211885859e-03	-5.20480317737e-03
4.35357393209e+00	1.18552030667e-03	-4.85554179484e-03
4.40113447233e+00	1.09803440130e-03	-4.53755597934e-03
4.44869501257e+00	1.01861861700e-03	-4.24736925686e-03
4.49625555281e+00	9.46368172253e-04	-3.98195512483e-03
4.54381609305e+00	8.80495972510e-04	-3.73867295689e-03
4.59137663329e+00	8.20315500933e-04	-3.51521291566e-03
4.63893717353e+00	7.65226524989e-04	-3.30954990137e-03
4.68649771377e+00	7.14702910880e-04	-3.11990405087e-03
4.73405825401e+00	6.68282338254e-04	-2.94470731566e-03
4.78161879425e+00	6.25557569287e-04	-2.78257499555e-03
4.82917933449e+00	5.86169028186e-04	-2.63228147331e-03
4.87673987473e+00	5.49798481749e-04	-2.49273949369e-03
4.92430041497e+00	5.16163646365e-04	-2.36298243576e-03
4.97186095521e+00	4.85013575785e-04	-2.24214911720e-03
5.01942149545e+00	4.56124708164e-04	-2.12947074462e-03
5.06698203569e+00	4.29297470990e-04	-2.02425968628e-03
5.11454257593e+00	4.04353359203e-04	-1.92589979705e-03
5.16210311617e+00	3.81132415716e-04	-1.83383806901e-03
5.20966365641e+00	3.59491055142e-04	-1.74757741854e-03
5.25722419665e+00	3.39300181202e-04	-1.66667045211e-03
5.30478473689e+00	3.20443556417e-04	-1.59071407950e-03
5.35234527713e+00	3.02816389583e-04	-1.51934486651e-03
5.39990581737e+00	2.86324112376e-04	-1.45223503948e-03
5.44746635761e+00	2.70881321581e-04	-1.38908907227e-03
5.49502689785e+00	2.56410868016e-04	-1.32964080443e-03
5.54258743809e+00	2.42843077114e-04	-1.27365105481e-03
5.59014797833e+00	2.30115092880e-04	-1.22090572802e-03
5.63770851857e+00	2.18170333730e-04	-1.17121439398e-03
5.68526905881e+00	2.06958066897e-04	-1.12440941845e-03
5.73282959905e+00	1.96433101504e-04	-1.08034569486e-03
