# E_{ref,x} QE num, $\epsilon_1$ = 1, v = c/400 $\mu$m/s, x = 1$\mu$m, y = 1$\mu$m, b = -2.00$\mu$m
# $\epsilon_2$ = 1, $\hbar\mu$ = 0.70eV, $\hbar\gamma$ = 0.0001eV, $z_p=2.00\mu$m
-1.85371792969e-05
-2.88999000895e-04
-1.41540733856e-03
-4.29756368539e-03
-1.00120525507e-02
-1.96845332730e-02
-3.43701860834e-02
-5.49572956614e-02
-8.21050187479e-02
-1.16221038651e-01
-1.57478883165e-01
-2.05869049940e-01
-2.61273545049e-01
-3.23550608056e-01
-3.92615612604e-01
-4.68505428475e-01
-5.51416640285e-01
-6.41712417526e-01
-7.39897830917e-01
-8.46568258138e-01
-9.62339513860e-01
-1.08777091838e+00
-1.22329335371e+00
-1.36915337750e+00
-1.52538187071e+00
-1.69179191049e+00
-1.86800617035e+00
-2.05350981161e+00
-2.24772117324e+00
-2.45007010381e+00
-2.66007283858e+00
-2.87739300242e+00
-3.10188048126e+00
-3.33358320226e+00
-3.57273079667e+00
-3.81969311057e+00
-4.07492000598e+00
-4.33887137436e+00
-4.61194743832e+00
-4.89442911381e+00
-5.18643652361e+00
-5.48791096719e+00
-5.79862218422e+00
-6.11819910859e+00
-6.44617901610e+00
-6.78206747986e+00
-7.12540019460e+00
-7.47579767786e+00
-7.83300507672e+00
-8.19691160072e+00
-8.56754711486e+00
-8.94505671896e+00
-9.32965724249e+00
-9.72158206419e+00
-1.01210221933e+01
-1.05280719308e+01
-1.09426866403e+01
-1.13646583409e+01
-1.17936122598e+01
-1.22290245388e+01
-1.26702583839e+01
-1.31166134915e+01
-1.35673819015e+01
-1.40219027344e+01
-1.44796086287e+01
-1.49400580390e+01
-1.54029496554e+01
-1.58681177683e+01
-1.63355100438e+01
-1.68051515405e+01
-1.72771005593e+01
-1.77514028598e+01
-1.82280507768e+01
-1.87069528774e+01
-1.91879181416e+01
-1.96706564981e+01
-2.01547951973e+01
-2.06399083022e+01
-2.11255548082e+01
-2.16113198159e+01
-2.20968528869e+01
-2.25818982458e+01
-2.30663127469e+01
-2.35500693036e+01
-2.40332455328e+01
-2.45159993949e+01
-2.49985353374e+01
-2.54810656513e+01
-2.59637722673e+01
-2.64467740141e+01
-2.69301034701e+01
-2.74136961170e+01
-2.78973927552e+01
-2.83809543145e+01
-2.88640865470e+01
-2.93464708370e+01
-2.98277966653e+01
-3.03077912052e+01
-3.07862420791e+01
-3.12630103919e+01
-3.17380325926e+01
-3.22113113096e+01
-3.26828968194e+01
-3.31528620494e+01
-3.36212748119e+01
-3.40881712347e+01
-3.45535340615e+01
-3.50172787143e+01
-3.54792488525e+01
-3.59392218073e+01
-3.63969229035e+01
-3.68520464943e+01
-3.73042806831e+01
-3.77533322961e+01
-3.81989487411e+01
-3.86409339192e+01
-3.90791562533e+01
-3.95135480334e+01
-3.99440964829e+01
-4.03708280629e+01
-4.07937883977e+01
-4.12130207185e+01
-4.16285458267e+01
-4.20403462649e+01
-4.24483567224e+01
-4.28524617814e+01
-4.32525010758e+01
-4.36482809230e+01
-4.40395906432e+01
-4.44262212077e+01
-4.48079836233e+01
-4.51847245920e+01
-4.55563374421e+01
-4.59227670445e+01
-4.62840082923e+01
-4.66400986149e+01
-4.69911057897e+01
-4.73371129118e+01
-4.76782026963e+01
-4.80144432980e+01
-4.83458775433e+01
-4.86725169284e+01
-4.89943410329e+01
-4.93113022275e+01
-4.96233348267e+01
-4.99303672544e+01
-5.02323354171e+01
-5.05291953708e+01
-5.08209335201e+01
-5.11075729794e+01
-5.13891752828e+01
-5.16658372897e+01
-5.19376837774e+01
-5.22048567803e+01
-5.24675031301e+01
-5.27257618440e+01
-5.29797529630e+01
-5.32295691903e+01
-5.34752712511e+01
-5.37168873577e+01
-5.39544166016e+01
-5.41878355714e+01
-5.44171070933e+01
-5.46421897578e+01
-5.48630468447e+01
-5.50796534144e+01
-5.52920006342e+01
-5.55000968422e+01
-5.57039653226e+01
-5.59036392344e+01
-5.60991545179e+01
-5.62905418652e+01
-5.64778189379e+01
-5.66609839547e+01
-5.68400115503e+01
-5.70148514788e+01
-5.71854303333e+01
-5.73516560459e+01
-5.75134245674e+01
-5.76706278589e+01
-5.78231621810e+01
-5.79709356681e+01
-5.81138743056e+01
-5.82519256786e+01
-5.83850601775e+01
-5.85132697027e+01
-5.86365642326e+01
-5.87549668931e+01
-5.88685083290e+01
-5.89772212329e+01
-5.90811358191e+01
-5.91802768584e+01
-5.92746626397e+01
-5.93643059369e+01
-5.94492167675e+01
-5.95294064845e+01
-5.96048925655e+01
-5.96757033816e+01
-5.97418822473e+01
-5.98034901694e+01
