# E_{dir,x} num, $\epsilon_1$ = 1, v = c/400 $\mu$m/s, x = 10$\mu$m, y = 10$\mu$m, 
# b = -2.00$\mu$m, z = 0$\mu$m, plot_fieldE_direct2.2.py
4.92754221490e-04
7.33952263517e-03
3.34421873987e-02
9.25131477861e-02
1.93804568108e-01
3.41248186172e-01
5.36276285136e-01
7.81083747163e-01
1.07956212293e+00
1.43569141278e+00
1.85132044523e+00
2.32529251072e+00
2.85422362615e+00
3.43375895460e+00
4.05913287292e+00
4.72497706504e+00
5.42515123620e+00
6.15305433883e+00
6.90195782075e+00
7.66462615286e+00
8.43233267794e+00
9.19444619043e+00
9.93970357502e+00
1.06588052954e+01
1.13463579281e+01
1.20001654227e+01
1.26178471630e+01
1.31932015617e+01
1.37154057476e+01
1.41721757583e+01
1.45548568006e+01
1.48617027967e+01
1.50968702592e+01
1.52659308503e+01
1.53713240112e+01
1.54110229991e+01
1.53810148547e+01
1.52792934216e+01
1.51082551612e+01
1.48740780008e+01
1.45841776764e+01
1.42450349555e+01
1.38618272870e+01
1.34394834512e+01
1.29837399836e+01
1.25012487009e+01
1.19989908832e+01
1.14838649901e+01
1.09628156868e+01
1.04429890923e+01
9.93123344307e+00
9.43307449230e+00
8.95219353801e+00
8.49131350117e+00
8.05413888548e+00
7.64672898425e+00
7.27675563434e+00
6.95071051241e+00
6.67099534653e+00
6.43525105811e+00
6.23870740702e+00
6.07795993259e+00
5.95338166553e+00
5.86839784995e+00
5.82627789178e+00
5.82694473648e+00
5.86610917184e+00
5.93708054005e+00
6.03358044088e+00
6.15140296369e+00
6.28801858812e+00
6.44096209616e+00
6.60659227226e+00
6.78012380625e+00
6.95655416640e+00
7.13145404634e+00
7.30101189111e+00
7.46161135294e+00
7.60962245261e+00
7.74167186261e+00
7.85497717884e+00
7.94719174460e+00
8.01578656209e+00
8.05767500641e+00
8.06975826032e+00
8.05023257765e+00
7.99960558980e+00
7.92035113884e+00
7.81516385385e+00
7.68502487984e+00
7.52862634237e+00
7.34372900568e+00
7.12949724735e+00
6.88804649695e+00
6.62404601170e+00
6.34273948987e+00
6.04792220166e+00
5.74130958255e+00
5.42352143087e+00
5.09565562790e+00
4.76014441302e+00
4.42038134685e+00
4.07967969351e+00
3.74054357614e+00
3.40475345017e+00
3.07395168988e+00
2.75003915177e+00
2.43502421516e+00
2.13057667898e+00
1.83779543436e+00
1.55738891979e+00
1.28997165367e+00
1.03604788028e+00
7.95630927049e-01
5.67929990972e-01
3.51585270528e-01
1.45433361995e-01
-5.08056510590e-02
-2.36606873509e-01
-4.11584249162e-01
-5.76623796786e-01
-7.34272641852e-01
-8.87986723486e-01
-1.04074911542e+00
-1.19408412532e+00
-1.34817062571e+00
-1.50287722214e+00
-1.65884565378e+00
-1.81779787710e+00
-1.98194308104e+00
-2.15308168936e+00
-2.33214882464e+00
-2.51945613569e+00
-2.71526455699e+00
-2.92010530392e+00
-3.13459337559e+00
-3.35898407489e+00
-3.59292822054e+00
-3.83563561366e+00
-4.08624338678e+00
-4.34401809161e+00
-4.60823573119e+00
-4.87793494904e+00
-5.15185899849e+00
-5.42867569256e+00
-5.70723404891e+00
-5.98653448238e+00
-6.26536167492e+00
-6.54189988682e+00
-6.81374567960e+00
-7.07842465132e+00
-7.33406561484e+00
-7.57970179695e+00
-7.81494257427e+00
-8.03926950595e+00
-8.25151780125e+00
-8.44994337837e+00
-8.63278986409e+00
-8.79887954212e+00
-8.94777984164e+00
-9.07949066002e+00
-9.19399565022e+00
-9.29108386017e+00
-9.37055523519e+00
-9.43256555968e+00
-9.47776592433e+00
-9.50711348537e+00
-9.52154392784e+00
-9.52180798013e+00
-9.50859941592e+00
-9.48282537143e+00
-9.44575577251e+00
-9.39892931772e+00
-9.34393452535e+00
-9.28228706724e+00
-9.21549868808e+00
-9.14521651039e+00
-9.07322776799e+00
-9.00126106897e+00
-8.93073796614e+00
-8.86271214589e+00
-8.79808528919e+00
-8.73793535216e+00
-8.68367206060e+00
-8.63686591301e+00
-8.59887089400e+00
-8.57053556924e+00
-8.55221799693e+00
-8.54406004476e+00
-8.54626743273e+00
-8.55916227331e+00
-8.58299436462e+00
-8.61771122304e+00
-8.66290635652e+00
-8.71798597107e+00
-8.78238994861e+00
-8.85565994053e+00
-8.93729607168e+00
-9.02653932334e+00
-9.12227993747e+00
