# E_{dir,x} QE num, $\epsilon_1$ = 1, v = c/400 $\mu$m/s, x = 10$\mu$m, y = 10$\mu$m, 
# b = -2.00$\mu$m, z = 0$\mu$m, plot_fieldE_direct2.2.py
4.92497312003e-04
7.30188881176e-03
3.30084259205e-02
9.02683416599e-02
1.86205919690e-01
3.21497102948e-01
4.93284087217e-01
6.98437245153e-01
9.34315130721e-01
1.19696893871e+00
1.47894295346e+00
1.76868021859e+00
2.05169126947e+00
2.31213432062e+00
2.53360108894e+00
2.69915169007e+00
2.79144166853e+00
2.79334375187e+00
2.68852470030e+00
2.46129897064e+00
2.09605287355e+00
1.57749438504e+00
8.92598122294e-01
3.34136298661e-02
-1.00149686857e+00
-2.20865767302e+00
-3.58353387143e+00
-5.12358836269e+00
-6.82763945582e+00
-8.69142818160e+00
-1.07025539372e+01
-1.28387855134e+01
-1.50713005221e+01
-1.73705963412e+01
-1.97108125852e+01
-2.20696425595e+01
-2.44245977105e+01
-2.67490941333e+01
-2.90115422800e+01
-3.11778795590e+01
-3.32153086251e+01
-3.50945557248e+01
-3.67897425975e+01
-3.82770802492e+01
-3.95341777608e+01
-4.05406350073e+01
-4.12791681747e+01
-4.17362323619e+01
-4.19020037152e+01
-4.17704533659e+01
-4.13400246508e+01
-4.06143726227e+01
-3.96020367436e+01
-3.83146905912e+01
-3.67651630510e+01
-3.49671431856e+01
-3.29373440463e+01
-3.06986595889e+01
-2.82815178563e+01
-2.57216511731e+01
-2.30552691705e+01
-2.03148534784e+01
-1.75284998191e+01
-1.47230218890e+01
-1.19281021525e+01
-9.17804412392e+00
-6.50969917690e+00
-3.95815439799e+00
-1.55328604541e+00
6.80780670184e-01
2.72377456970e+00
4.55715709983e+00
6.16365911416e+00
7.52856461507e+00
8.64133858652e+00
9.49623020947e+00
1.00917107298e+01
1.04296636535e+01
1.05151591424e+01
1.03567167053e+01
9.96631819266e+00
9.35878677211e+00
8.55105117593e+00
7.56216971918e+00
6.41425057767e+00
5.13323639798e+00
3.74818958407e+00
2.28879250279e+00
7.82444639342e-01
-7.46959300475e-01
-2.27758487125e+00
-3.78669004309e+00
-5.24863931741e+00
-6.63575549673e+00
-7.92165988813e+00
-9.08480377785e+00
-1.01098106068e+01
-1.09860466374e+01
-1.17049640501e+01
-1.22584702176e+01
-1.26394246235e+01
-1.28434913910e+01
-1.28706081899e+01
-1.27249497443e+01
-1.24137107328e+01
-1.19459383113e+01
-1.13323048647e+01
-1.05856375794e+01
-9.72132213154e+00
-8.75697530296e+00
-7.71161520840e+00
-6.60502179247e+00
-5.45761608741e+00
-4.29044881787e+00
-3.12463761935e+00
-1.98017144159e+00
-8.74844482770e-01
1.75739482546e-01
1.15697365331e+00
2.05389737503e+00
2.85109518672e+00
3.53437059496e+00
4.09324176249e+00
4.52250722772e+00
4.82175749409e+00
4.99328416573e+00
5.04004818302e+00
4.96520834939e+00
4.77335713778e+00
4.47224080106e+00
4.07348493396e+00
3.59181979041e+00
3.04356788031e+00
2.44561950653e+00
1.81548081572e+00
1.17192452007e+00
5.35283612812e-01
-7.31307746212e-02
-6.32148592297e-01
-1.12162065734e+00
-1.52261912664e+00
-1.81721608101e+00
-1.98843781111e+00
-2.02067536453e+00
-1.90024429296e+00
-1.61557729289e+00
-1.15693958841e+00
-5.16155581677e-01
3.13032210646e-01
1.33390274383e+00
2.54568239592e+00
3.94336277406e+00
5.51870397037e+00
7.26175686894e+00
9.16177639956e+00
1.12068762419e+01
1.33828115688e+01
1.56719875031e+01
1.80535763106e+01
2.05046952001e+01
2.30017685659e+01
2.55211673778e+01
2.80389515808e+01
3.05303462142e+01
3.29697531423e+01
3.53315424329e+01
3.75911376092e+01
3.97256732169e+01
4.17139314317e+01
4.35359153512e+01
4.51726848265e+01
4.66067616662e+01
4.78228561345e+01
4.88084118969e+01
4.95537152209e+01
5.00517691859e+01
5.02983191746e+01
5.02921562098e+01
5.00354092613e+01
4.95334207604e+01
4.87941371167e+01
4.78274268757e+01
4.66448792174e+01
4.52602527034e+01
4.36901547260e+01
4.19542717977e+01
4.00747972515e+01
3.80753458038e+01
3.59800418944e+01
3.38132749146e+01
3.16000110756e+01
2.93660791010e+01
2.71379135810e+01
2.49417610679e+01
2.28028442505e+01
2.07450020365e+01
1.87908794110e+01
1.69622496029e+01
1.52799538985e+01
1.37633083982e+01
