# omega [THz]     Im(E_{dir,06}) analytic     Im(E_{dir,06}) QE num     Im(E_{dir,06}) sin QE num, $\epsilon_1$ = 1, v = c/300 $\mu$m/s, b = -2$\mu$m
1.00000000000e-02	0.00000000000e+00	5.88521723226e-15	-3.50975802966e-17
1.22000000000e-02	0.00000000000e+00	1.30283491926e-14	1.61060604941e-16
1.44000000000e-02	0.00000000000e+00	2.52681259880e-14	-4.67204301932e-16
1.66000000000e-02	0.00000000000e+00	4.45875743552e-14	-9.45820380620e-17
1.88000000000e-02	0.00000000000e+00	7.32920308147e-14	6.78633478551e-15
2.10000000000e-02	0.00000000000e+00	1.14007084565e-13	2.52233587472e-15
2.32000000000e-02	0.00000000000e+00	1.69676362400e-13	-2.34897778828e-15
2.54000000000e-02	0.00000000000e+00	2.43559157019e-13	3.39823740891e-15
2.76000000000e-02	0.00000000000e+00	3.39227900146e-13	9.42784090056e-15
2.98000000000e-02	0.00000000000e+00	4.60565481990e-13	-6.84152127926e-15
3.20000000000e-02	0.00000000000e+00	6.11762418615e-13	-4.05623614325e-15
3.42000000000e-02	0.00000000000e+00	7.97313868904e-13	-3.18158286750e-14
3.64000000000e-02	0.00000000000e+00	1.02201650282e-12	-9.61730492450e-14
3.86000000000e-02	0.00000000000e+00	1.29096522281e-12	1.46784029180e-14
4.08000000000e-02	0.00000000000e+00	1.60954974019e-12	-1.29530581281e-15
4.30000000000e-02	0.00000000000e+00	1.98345100852e-12	1.77528713280e-14
4.52000000000e-02	0.00000000000e+00	2.41863751589e-12	-7.47732686183e-14
4.74000000000e-02	0.00000000000e+00	2.92136143833e-12	9.57144525452e-15
4.96000000000e-02	0.00000000000e+00	3.49815465642e-12	-2.47076569746e-13
5.18000000000e-02	0.00000000000e+00	4.15582463730e-12	7.66922235184e-14
5.40000000000e-02	0.00000000000e+00	4.90145018446e-12	4.76892600078e-13
5.62000000000e-02	0.00000000000e+00	5.74237705758e-12	-7.79825846170e-14
5.84000000000e-02	0.00000000000e+00	6.68621346487e-12	2.10478471874e-13
6.06000000000e-02	0.00000000000e+00	7.74082543036e-12	1.01719884906e-13
6.28000000000e-02	0.00000000000e+00	8.91433203871e-12	1.34335637998e-13
6.50000000000e-02	0.00000000000e+00	1.02151005601e-11	-1.81159887735e-13
6.72000000000e-02	0.00000000000e+00	1.16517414580e-11	-1.16764588060e-13
6.94000000000e-02	0.00000000000e+00	1.32331032821e-11	-1.17958811461e-13
7.16000000000e-02	0.00000000000e+00	1.49682674496e-11	6.85470102707e-14
7.38000000000e-02	0.00000000000e+00	1.68665429180e-11	1.12110698055e-11
7.60000000000e-02	0.00000000000e+00	1.89374607508e-11	-7.91246509971e-14
7.82000000000e-02	0.00000000000e+00	2.11907685809e-11	-1.76600581321e-13
8.04000000000e-02	0.00000000000e+00	2.36364249738e-11	-5.92036784821e-14
8.26000000000e-02	0.00000000000e+00	2.62845936925e-11	4.10367487167e-13
8.48000000000e-02	0.00000000000e+00	2.91456378699e-11	3.82030564455e-13
8.70000000000e-02	0.00000000000e+00	3.22301140889e-11	-1.06267330371e-13
8.92000000000e-02	0.00000000000e+00	3.55487663751e-11	-6.32534452376e-13
9.14000000000e-02	0.00000000000e+00	3.91125201050e-11	-5.12293657099e-14
9.36000000000e-02	0.00000000000e+00	4.29324758325e-11	1.41823599450e-13
9.58000000000e-02	0.00000000000e+00	4.70199030371e-11	4.00187603412e-13
9.80000000000e-02	0.00000000000e+00	5.13862337976e-11	2.17163042969e-12
1.00200000000e-01	0.00000000000e+00	5.60430563940e-11	5.73602383346e-13
1.02400000000e-01	0.00000000000e+00	6.10021088412e-11	1.55163161051e-13
1.04600000000e-01	0.00000000000e+00	6.62752723583e-11	1.22944976204e-13
1.06800000000e-01	0.00000000000e+00	7.18745647761e-11	3.44417291154e-13
1.09000000000e-01	0.00000000000e+00	7.78121338871e-11	-1.09794578546e-13
1.11200000000e-01	0.00000000000e+00	8.41002507411e-11	9.47981726637e-15
1.13400000000e-01	0.00000000000e+00	9.07513028897e-11	-4.04451018052e-12
1.15600000000e-01	0.00000000000e+00	9.77777875837e-11	-1.11845807394e-13
1.17800000000e-01	0.00000000000e+00	1.05192304927e-10	1.14864411676e-12
1.20000000000e-01	0.00000000000e+00	1.13007550990e-10	2.20146420819e-12
1.22200000000e-01	0.00000000000e+00	1.21236310886e-10	-2.11833733947e-12
1.24400000000e-01	0.00000000000e+00	1.29891451815e-10	2.00375646951e-12
1.26600000000e-01	0.00000000000e+00	1.38985916080e-10	-3.44055403561e-13
1.28800000000e-01	0.00000000000e+00	1.48532714076e-10	-9.43133551216e-12
1.31000000000e-01	0.00000000000e+00	1.58544917251e-10	1.45025269558e-12
1.33200000000e-01	0.00000000000e+00	1.69035651065e-10	3.26643755969e-12
1.35400000000e-01	0.00000000000e+00	1.80018087915e-10	2.93947717314e-12
1.37600000000e-01	0.00000000000e+00	1.91505440060e-10	-1.32643127799e-12
1.39800000000e-01	0.00000000000e+00	2.03510952542e-10	-1.48198840453e-13
1.42000000000e-01	0.00000000000e+00	2.16047896088e-10	6.56326809366e-12
1.44200000000e-01	0.00000000000e+00	2.29129560031e-10	1.22206404482e-13
1.46400000000e-01	0.00000000000e+00	2.42769245221e-10	1.11704068821e-12
1.48600000000e-01	0.00000000000e+00	2.56980256948e-10	-3.90265381197e-11
1.50800000000e-01	0.00000000000e+00	2.71775897877e-10	-8.95164560284e-13
1.53000000000e-01	0.00000000000e+00	2.87169460997e-10	2.41323382637e-12
1.55200000000e-01	0.00000000000e+00	3.03174222589e-10	-1.62607693829e-12
1.57400000000e-01	0.00000000000e+00	3.19803435211e-10	9.49738710221e-11
1.59600000000e-01	0.00000000000e+00	3.37070320717e-10	-2.70320525640e-11
1.61800000000e-01	0.00000000000e+00	3.54988063301e-10	2.59725827955e-12
1.64000000000e-01	0.00000000000e+00	3.73569802570e-10	1.97762397049e-10
1.66200000000e-01	0.00000000000e+00	3.92828626663e-10	1.80288569111e-13
1.68400000000e-01	0.00000000000e+00	4.12777565398e-10	1.60344308868e-10
1.70600000000e-01	0.00000000000e+00	4.33429583476e-10	4.36606159787e-12
1.72800000000e-01	0.00000000000e+00	4.54797573720e-10	-5.95956457323e-12
1.75000000000e-01	0.00000000000e+00	4.76894350372e-10	-1.31432696369e-12
