# b [$\mu$m]     Re(E_{dir}) analytic     Re(E_{dir}) QE num     Re(E_{dir}) sin QE num, $\epsilon_1$ = 1, v = c/300 $\mu$m/s, $\omega$ = 0.70THz
-2.20000000000e+01	0.00000000000e+00	0.00000000000e+00	-3.15436804408e-04
-2.16040000000e+01	0.00000000000e+00	0.00000000000e+00	-3.15151630307e-04
-2.12080000000e+01	0.00000000000e+00	0.00000000000e+00	-3.14866316014e-04
-2.08120000000e+01	0.00000000000e+00	0.00000000000e+00	-3.14580861673e-04
-2.04160000000e+01	0.00000000000e+00	0.00000000000e+00	-3.14295267429e-04
-2.00200000000e+01	0.00000000000e+00	0.00000000000e+00	-3.14009533425e-04
-1.96240000000e+01	0.00000000000e+00	0.00000000000e+00	-3.13723659806e-04
-1.92280000000e+01	0.00000000000e+00	0.00000000000e+00	-3.13437646716e-04
-1.88320000000e+01	0.00000000000e+00	0.00000000000e+00	-3.13151494300e-04
-1.84360000000e+01	0.00000000000e+00	0.00000000000e+00	-3.12865202701e-04
-1.80400000000e+01	0.00000000000e+00	0.00000000000e+00	-3.12578772064e-04
-1.76440000000e+01	0.00000000000e+00	0.00000000000e+00	-3.12292202535e-04
-1.72480000000e+01	0.00000000000e+00	0.00000000000e+00	-3.12005494256e-04
-1.68520000000e+01	0.00000000000e+00	0.00000000000e+00	-3.11718647374e-04
-1.64560000000e+01	0.00000000000e+00	0.00000000000e+00	-3.11431662034e-04
-1.60600000000e+01	0.00000000000e+00	0.00000000000e+00	-3.11144538379e-04
-1.56640000000e+01	0.00000000000e+00	-0.00000000000e+00	-3.10857276555e-04
-1.52680000000e+01	0.00000000000e+00	-0.00000000000e+00	-3.10569876707e-04
-1.48720000000e+01	0.00000000000e+00	-0.00000000000e+00	-3.10282338981e-04
-1.44760000000e+01	0.00000000000e+00	-0.00000000000e+00	-3.09994663521e-04
-1.40800000000e+01	0.00000000000e+00	-0.00000000000e+00	-3.09706850473e-04
-1.36840000000e+01	0.00000000000e+00	-0.00000000000e+00	-3.09418899981e-04
-1.32880000000e+01	0.00000000000e+00	-0.00000000000e+00	-3.09130812193e-04
-1.28920000000e+01	0.00000000000e+00	-0.00000000000e+00	-3.08842587252e-04
-1.24960000000e+01	0.00000000000e+00	-0.00000000000e+00	-3.08554225305e-04
-1.21000000000e+01	0.00000000000e+00	-0.00000000000e+00	-3.08265726497e-04
-1.17040000000e+01	0.00000000000e+00	-0.00000000000e+00	-3.07977090974e-04
-1.13080000000e+01	0.00000000000e+00	-0.00000000000e+00	-3.07688318883e-04
-1.09120000000e+01	0.00000000000e+00	-0.00000000000e+00	-3.07399410368e-04
-1.05160000000e+01	0.00000000000e+00	-0.00000000000e+00	-3.07110365576e-04
-1.01200000000e+01	0.00000000000e+00	-0.00000000000e+00	-3.06821184652e-04
-9.72400000000e+00	0.00000000000e+00	-0.00000000000e+00	-3.06531867744e-04
-9.32800000000e+00	0.00000000000e+00	-0.00000000000e+00	-3.06242414997e-04
-8.93200000000e+00	0.00000000000e+00	-0.00000000000e+00	-3.05952826558e-04
-8.53600000000e+00	0.00000000000e+00	-0.00000000000e+00	-3.05663102572e-04
-8.14000000000e+00	0.00000000000e+00	-0.00000000000e+00	-3.05373243187e-04
-7.74400000000e+00	0.00000000000e+00	-0.00000000000e+00	-3.05083248548e-04
-7.34800000000e+00	0.00000000000e+00	-0.00000000000e+00	-3.04793118803e-04
-6.95200000000e+00	0.00000000000e+00	-0.00000000000e+00	-3.04502854098e-04
-6.55600000000e+00	0.00000000000e+00	-0.00000000000e+00	-3.04212454580e-04
-6.16000000000e+00	0.00000000000e+00	-0.00000000000e+00	-3.03921920395e-04
-5.76400000000e+00	0.00000000000e+00	-0.00000000000e+00	-3.03631251691e-04
-5.36800000000e+00	0.00000000000e+00	-0.00000000000e+00	-3.03340448614e-04
-4.97200000000e+00	0.00000000000e+00	-0.00000000000e+00	-3.03049511312e-04
-4.57600000000e+00	0.00000000000e+00	-0.00000000000e+00	-3.02758439932e-04
-4.18000000000e+00	0.00000000000e+00	-0.00000000000e+00	-3.02467234621e-04
-3.78400000000e+00	0.00000000000e+00	-0.00000000000e+00	-3.02175895525e-04
-3.38800000000e+00	0.00000000000e+00	-0.00000000000e+00	-3.01884422793e-04
-2.99200000000e+00	0.00000000000e+00	-0.00000000000e+00	-3.01592816573e-04
-2.59600000000e+00	0.00000000000e+00	-0.00000000000e+00	-3.01301077010e-04
-2.20000000000e+00	0.00000000000e+00	-0.00000000000e+00	-3.01009204253e-04
