# E_{dir,x} num, $\epsilon_1$ = 1, v = c/400 $\mu$m/s, x = 10$\mu$m, y = 10$\mu$m, 
# b = -2.00$\mu$m, z = 0$\mu$m, plot_fieldE_direct2.2.py
-2.08658198667e-07
-2.43592535533e-05
-3.61074727594e-04
-2.23332305685e-03
-8.37716093065e-03
-2.25538103156e-02
-4.78549711863e-02
-8.51233442005e-02
-1.33251871847e-01
-1.91712081162e-01
-2.63456592930e-01
-3.55471379953e-01
-4.75857378539e-01
-6.29262442661e-01
-8.14197582074e-01
-1.02456599853e+00
-1.25443747360e+00
-1.50245151614e+00
-1.77249889006e+00
-2.07030290647e+00
-2.39869444647e+00
-2.75515029065e+00
-3.13307600038e+00
-3.52530476828e+00
-3.92688099415e+00
-4.33531849654e+00
-4.74886202024e+00
-5.16469586078e+00
-5.57852952206e+00
-5.98540271088e+00
-6.38055405080e+00
-6.75959108694e+00
-7.11827612107e+00
-7.45269221371e+00
-7.75989806846e+00
-8.03825326607e+00
-8.28660184623e+00
-8.50265763951e+00
-8.68211534320e+00
-8.81983744184e+00
-8.91277311862e+00
-8.96246069073e+00
-8.97482176106e+00
-8.95689983481e+00
-8.91274152186e+00
-8.84156609304e+00
-8.73976114583e+00
-8.60529285276e+00
-8.44123717780e+00
-8.25586930378e+00
-8.05945500275e+00
-7.86032437935e+00
-7.66305891779e+00
-7.46967872336e+00
-7.28235175630e+00
-7.10528929849e+00
-6.94460256072e+00
-6.80674990353e+00
-6.69714568976e+00
-6.61992339746e+00
-6.57856712213e+00
-6.57644484722e+00
-6.61670387568e+00
-6.70187285697e+00
-6.83383208916e+00
-7.01425333223e+00
-7.24486189946e+00
-7.52686134722e+00
-7.85972881384e+00
-8.24048527189e+00
-8.66445002831e+00
-9.12728313667e+00
-9.62681865105e+00
-1.01630595720e+01
-1.07360443742e+01
-1.13430653568e+01
-1.19773952195e+01
-1.26296021851e+01
-1.32905393641e+01
-1.39538173895e+01
-1.46160469440e+01
-1.52749293495e+01
-1.59268738794e+01
-1.65659688151e+01
-1.71848505743e+01
-1.77764896974e+01
-1.83354010835e+01
-1.88575519223e+01
-1.93394452852e+01
-1.97774141385e+01
-2.01677113317e+01
-2.05071125194e+01
-2.07933333134e+01
-2.10249126445e+01
-2.12008579501e+01
-2.13205731296e+01
-2.13841847852e+01
-2.13928237833e+01
-2.13483559834e+01
-2.12526170942e+01
-2.11068401414e+01
-2.09119748418e+01
-2.06698614036e+01
-2.03843641800e+01
-2.00614181387e+01
-1.97077309556e+01
-1.93289942879e+01
-1.89289292289e+01
-1.85098791384e+01
-1.80744533647e+01
-1.76269222219e+01
-1.71733205560e+01
-1.67202830365e+01
-1.62735963004e+01
-1.58375415495e+01
-1.54153303236e+01
-1.50100324589e+01
-1.46251191199e+01
-1.42642377437e+01
-1.39305674378e+01
-1.36264045088e+01
-1.33532988751e+01
-1.31124958021e+01
-1.29051925858e+01
-1.27323850148e+01
-1.25945319011e+01
-1.24914323034e+01
-1.24224393526e+01
-1.23867342451e+01
-1.23832911017e+01
-1.24104944295e+01
-1.24657963950e+01
-1.25458688477e+01
-1.26472957249e+01
-1.27673200452e+01
-1.29040159680e+01
-1.30556806423e+01
-1.32198926455e+01
-1.33929940838e+01
-1.35704347866e+01
-1.37477295023e+01
-1.39213041447e+01
-1.40886367841e+01
-1.42476992352e+01
-1.43962498677e+01
-1.45315708137e+01
-1.46507945529e+01
-1.47514537280e+01
-1.48317555366e+01
-1.48903980143e+01
-1.49261802953e+01
-1.49378121969e+01
-1.49240937940e+01
-1.48842694035e+01
-1.48182146386e+01
-1.47263042798e+01
-1.46091222612e+01
-1.44673015040e+01
-1.43016125474e+01
-1.41131437921e+01
-1.39033189304e+01
-1.36736772885e+01
-1.34256158025e+01
-1.31603737332e+01
-1.28793321777e+01
-1.25843872999e+01
-1.22780410137e+01
-1.19630641846e+01
-1.16419509510e+01
-1.13165749564e+01
-1.09883015603e+01
-1.06584366912e+01
-1.03286267775e+01
-1.00008903455e+01
-9.67728986311e+00
-9.35954760186e+00
-9.04892126264e+00
-8.74639555039e+00
-8.45296330601e+00
-8.16971505974e+00
-7.89765901194e+00
-7.63745166047e+00
-7.38929478877e+00
-7.15309150351e+00
-6.92871698979e+00
-6.71616905652e+00
-6.51549074282e+00
-6.32656928326e+00
-6.14901163264e+00
-5.98219836398e+00
-5.82543461076e+00
-5.67803122889e+00
-5.53923902487e+00
-5.40812645602e+00
-5.28356476383e+00
-5.16438690680e+00
-5.04961043832e+00
-4.93853227968e+00
-4.83060145750e+00
-4.72516994553e+00
