# E_{dir,x} QE num, $\epsilon_1$ = 1, v = c/400 $\mu$m/s, x = 10$\mu$m, y = 10$\mu$m, 
# b = -2.00$\mu$m, z = 0$\mu$m, plot_fieldE_direct2.2.py
-2.08751893828e-07
-2.42799173896e-05
-3.57594178926e-04
-2.19080540286e-03
-8.10939855492e-03
-2.14461644929e-02
-4.44421708890e-02
-7.66666976971e-02
-1.15474981806e-01
-1.58663728140e-01
-2.07203171088e-01
-2.65265140778e-01
-3.36740250001e-01
-4.20556055364e-01
-5.08559101454e-01
-5.87966704860e-01
-6.46731926874e-01
-6.77714622948e-01
-6.78478203279e-01
-6.47079911251e-01
-5.77370883593e-01
-4.57467457395e-01
-2.72262768625e-01
-7.65922710045e-03
3.46726869455e-01
7.97838258252e-01
1.35124913593e+00
2.01273960392e+00
2.78812294760e+00
3.68192320481e+00
4.69630356959e+00
5.83089463782e+00
7.08298292965e+00
8.44728609167e+00
9.91541879939e+00
1.14759679906e+01
1.31157052410e+01
1.48211067150e+01
1.65785151055e+01
1.83721523617e+01
2.01812720763e+01
2.19790903819e+01
2.37351957076e+01
2.54203782180e+01
2.70105452320e+01
2.84867430840e+01
2.98312469347e+01
3.10228526719e+01
3.20352260135e+01
3.28397786353e+01
3.34110241891e+01
3.37306127877e+01
3.37875763450e+01
3.35754376698e+01
3.30890683553e+01
3.23238351682e+01
3.12772852934e+01
2.99515586093e+01
2.83545458311e+01
2.64993181961e+01
2.44028947777e+01
2.20856065533e+01
1.95712783375e+01
1.68874655244e+01
1.40650804218e+01
1.11376642758e+01
8.14113238681e+00
5.11427805316e+00
2.09918923768e+00
-8.59683926801e-01
-3.71807421291e+00
-6.43467256298e+00
-8.97207685855e+00
-1.12950579451e+01
-1.33675381619e+01
-1.51510267955e+01
-1.66063651414e+01
-1.76980756922e+01
-1.83984784026e+01
-1.86888476954e+01
-1.85571736145e+01
-1.79946563008e+01
-1.69938121392e+01
-1.55495051953e+01
-1.36617849750e+01
-1.13381596221e+01
-8.59373689415e+00
-5.44958990159e+00
-1.93099196284e+00
1.93316107629e+00
6.10980199097e+00
1.05611090071e+01
1.52447966607e+01
2.01151847278e+01
2.51242449991e+01
3.02220909517e+01
3.53572014790e+01
4.04770731225e+01
4.55294890562e+01
5.04637184847e+01
5.52307321256e+01
5.97823462001e+01
6.40703842254e+01
6.80472747733e+01
7.16684746754e+01
7.48954944782e+01
7.76975433120e+01
8.00506958318e+01
8.19353750155e+01
8.33342685026e+01
8.42324152093e+01
8.46194216457e+01
8.44920851771e+01
8.38554878270e+01
8.27219628865e+01
8.11090097548e+01
7.90378366973e+01
7.65333688195e+01
7.36251544439e+01
7.03479023342e+01
6.67408898013e+01
6.28465796475e+01
5.87094071835e+01
5.43753494223e+01
4.98920308330e+01
4.53086404361e+01
4.06752526892e+01
3.60418439413e+01
3.14576041812e+01
2.69707390776e+01
2.26282943959e+01
1.84753677878e+01
1.45536631099e+01
1.09001500078e+01
7.54677590630e+00
4.52143528537e+00
1.84932205225e+00
-4.46640854574e-01
-2.34691796932e+00
-3.83737257360e+00
-4.91073654028e+00
-5.56649286010e+00
-5.80936313255e+00
-5.64762485890e+00
-5.09245955195e+00
-4.15853629486e+00
-2.86497292963e+00
-1.23558901663e+00
7.01915357620e-01
2.91726897319e+00
5.37851054002e+00
8.05204123923e+00
1.09022626817e+01
1.38915629864e+01
1.69810297747e+01
2.01315808562e+01
2.33048782665e+01
2.64636908496e+01
2.95719374099e+01
3.25948916196e+01
3.54997367746e+01
3.82561648630e+01
4.08365648998e+01
4.32157267237e+01
4.53705267427e+01
4.72801918813e+01
4.89272609481e+01
5.02986786047e+01
5.13862077035e+01
5.21858090280e+01
5.26964441395e+01
5.29192061008e+01
5.28573735590e+01
5.25171824554e+01
5.19085132889e+01
5.10448040322e+01
4.99421887453e+01
4.86185002951e+01
4.70928105456e+01
4.53856234316e+01
4.35192199592e+01
4.15175327775e+01
3.94053782946e+01
3.72074564760e+01
3.49477136168e+01
3.26493154772e+01
3.03349493452e+01
2.80269493481e+01
2.57469865762e+01
2.35155055731e+01
2.13512922207e+01
1.92713608242e+01
1.72909884238e+01
1.54235855229e+01
1.36803164255e+01
1.20697325159e+01
1.05977832784e+01
9.26828780062e+00
8.08353359645e+00
7.04452204043e+00
