# $\epsilon_1$ = 1, v = c/400 $\mu$m/s, xD = 0$\mu$m, b = -2$\mu$m
# $\omega$ = 0.01THz, $\epsilon_2$ = 1, $\hbar\mu$ = 0.70eV, $\hbar\gamma$ = 0.0001eV
# $z_p=2.00\mu$m
-4.00000000000e+00
-3.87500000000e+00
-3.75000000000e+00
-3.62500000000e+00
-3.50000000000e+00
-3.37500000000e+00
-3.25000000000e+00
-3.12500000000e+00
-3.00000000000e+00
-2.87500000000e+00
-2.75000000000e+00
-2.62500000000e+00
-2.50000000000e+00
-2.37500000000e+00
-2.25000000000e+00
-2.12500000000e+00
-2.00000000000e+00
-1.87500000000e+00
-1.75000000000e+00
-1.62500000000e+00
-1.50000000000e+00
-1.37500000000e+00
-1.25000000000e+00
-1.12500000000e+00
-1.00000000000e+00
-8.75000000000e-01
-7.50000000000e-01
-6.25000000000e-01
-5.00000000000e-01
-3.75000000000e-01
-2.50000000000e-01
-1.25000000000e-01
0.00000000000e+00
1.25000000000e-01
2.50000000000e-01
3.75000000000e-01
5.00000000000e-01
6.25000000000e-01
7.50000000000e-01
8.75000000000e-01
1.00000000000e+00
1.12500000000e+00
1.25000000000e+00
1.37500000000e+00
1.50000000000e+00
1.62500000000e+00
1.75000000000e+00
1.87500000000e+00
2.00000000000e+00
2.12500000000e+00
2.25000000000e+00
2.37500000000e+00
2.50000000000e+00
2.62500000000e+00
2.75000000000e+00
2.87500000000e+00
3.00000000000e+00
3.12500000000e+00
3.25000000000e+00
3.37500000000e+00
3.50000000000e+00
3.62500000000e+00
3.75000000000e+00
3.87500000000e+00
4.00000000000e+00
