# EELS num, $\epsilon_1$ = 1, v = c/400 $\mu$m/s, xD = 0$\mu$m, b = -2.00$\mu$m
# $\epsilon_2$ = 1, $\hbar\mu$ = 0.70eV, $\hbar\gamma$ = 0.0001eV, $z_p=2.00\mu$m
# $\kappa$ = 0.10$\omega_0$, $\kappa_r$ = 0.50$\kappa$, $\omega_0$ =3.00THz
1.05069021391e+20
2.06942786955e+21
5.77656323838e+21
8.91463328648e+21
1.14486464116e+22
1.44114035018e+22
1.81747071563e+22
2.28960996676e+22
2.91709305221e+22
3.79340283261e+22
5.08348047115e+22
7.19929999813e+22
1.12739251869e+23
2.18183758617e+23
1.04162668928e+24
-4.87109535052e+23
-2.23812150913e+23
-1.58279437026e+23
-1.30831700882e+23
-1.18031775608e+23
-1.13069083628e+23
-1.13514884228e+23
-1.18850525173e+23
-1.29747470575e+23
-1.48244901974e+23
-1.79060721329e+23
-2.33442806591e+23
-3.44321118109e+23
-6.65516713182e+23
-7.64575081217e+24
8.61496797251e+23
4.29596777172e+23
3.00074352314e+23
2.41369375013e+23
2.11123095960e+23
1.96057491956e+23
1.91190408682e+23
1.94925874148e+23
2.07784660215e+23
2.32669073265e+23
2.76768391570e+23
3.58183620230e+23
5.34240900047e+23
1.11921868858e+24
-9.92224432781e+24
-9.35256044520e+23
-5.07053585831e+23
-3.60643262143e+23
-2.90776964792e+23
-2.53494362733e+23
-2.34152514892e+23
-2.27026484521e+23
-2.30229689859e+23
-2.44417626146e+23
-2.73170334788e+23
-3.25590405609e+23
-4.25655445845e+23
-6.55214387935e+23
-1.56709175958e+24
3.62054402115e+24
8.49594700427e+23
4.93792567488e+23
3.59241041800e+23
2.92437648948e+23
2.56099176150e+23
2.37109399075e+23
2.30238937004e+23
2.33871229388e+23
2.48941138160e+23
2.79556516541e+23
3.36221574382e+23
4.47689410835e+23
7.20970546251e+23
2.12480498418e+24
-2.10238458923e+24
-7.09146564365e+23
-4.36446802702e+23
-3.24756925524e+23
-2.67519069933e+23
-2.36023012144e+23
-2.19705081149e+23
-2.14332198021e+23
-2.18756998372e+23
-2.34209793826e+23
-2.65163463150e+23
-3.23064910776e+23
-4.40625053953e+23
-7.52859676417e+23
-3.20712057547e+24
1.35926934080e+24
5.65656347061e+23
3.65206571216e+23
2.77626677668e+23
2.31564326294e+23
2.06066498940e+23
1.93138642869e+23
1.89596209358e+23
1.94769618773e+23
2.10130485378e+23
2.40353216408e+23
2.97486616520e+23
