# $\epsilon_1$ = 1, v = c/400 $\mu$m/s, xD = 0$\mu$m, b = -2.00$\mu$m
# $\epsilon_2$ = 1, $\hbar\mu$ = 0.70eV, $\hbar\gamma$ = 0.0001eV, $z_p=2.00\mu$m
# $\kappa$ = 0.10$\omega_0$, $\kappa_r$ = 0.50$\kappa$, $\omega_0$ =3.00THz
1.00000000000e-03
2.99000000000e-03
4.98000000000e-03
6.97000000000e-03
8.96000000000e-03
1.09500000000e-02
1.29400000000e-02
1.49300000000e-02
1.69200000000e-02
1.89100000000e-02
2.09000000000e-02
2.28900000000e-02
2.48800000000e-02
2.68700000000e-02
2.88600000000e-02
3.08500000000e-02
3.28400000000e-02
3.48300000000e-02
3.68200000000e-02
3.88100000000e-02
4.08000000000e-02
4.27900000000e-02
4.47800000000e-02
4.67700000000e-02
4.87600000000e-02
5.07500000000e-02
5.27400000000e-02
5.47300000000e-02
5.67200000000e-02
5.87100000000e-02
6.07000000000e-02
6.26900000000e-02
6.46800000000e-02
6.66700000000e-02
6.86600000000e-02
7.06500000000e-02
7.26400000000e-02
7.46300000000e-02
7.66200000000e-02
7.86100000000e-02
8.06000000000e-02
8.25900000000e-02
8.45800000000e-02
8.65700000000e-02
8.85600000000e-02
9.05500000000e-02
9.25400000000e-02
9.45300000000e-02
9.65200000000e-02
9.85100000000e-02
1.00500000000e-01
1.02490000000e-01
1.04480000000e-01
1.06470000000e-01
1.08460000000e-01
1.10450000000e-01
1.12440000000e-01
1.14430000000e-01
1.16420000000e-01
1.18410000000e-01
1.20400000000e-01
1.22390000000e-01
1.24380000000e-01
1.26370000000e-01
1.28360000000e-01
1.30350000000e-01
1.32340000000e-01
1.34330000000e-01
1.36320000000e-01
1.38310000000e-01
1.40300000000e-01
1.42290000000e-01
1.44280000000e-01
1.46270000000e-01
1.48260000000e-01
1.50250000000e-01
1.52240000000e-01
1.54230000000e-01
1.56220000000e-01
1.58210000000e-01
1.60200000000e-01
1.62190000000e-01
1.64180000000e-01
1.66170000000e-01
1.68160000000e-01
1.70150000000e-01
1.72140000000e-01
1.74130000000e-01
1.76120000000e-01
1.78110000000e-01
1.80100000000e-01
1.82090000000e-01
1.84080000000e-01
1.86070000000e-01
1.88060000000e-01
1.90050000000e-01
1.92040000000e-01
1.94030000000e-01
1.96020000000e-01
1.98010000000e-01
2.00000000000e-01
