# EELS QE num, $\epsilon_1$ = 1, v = c/400 $\mu$m/s, xD = 0$\mu$m, b = -2.00$\mu$m
# $\epsilon_2$ = 1, $\hbar\mu$ = 0.70eV, $\hbar\gamma$ = 0.0001eV, $z_p=2.00\mu$m
# $\kappa$ = 0.10$\omega_0$, $\kappa_r$ = 0.50$\kappa$, $\omega_0$ =3.00THz
1.74901187403e+15
3.48765665435e+16
9.94700157591e+16
1.57884898353e+17
2.08325057805e+17
2.67327147132e+17
3.41092944917e+17
4.32614947503e+17
5.53013439906e+17
7.20215570948e+17
9.66232115757e+17
1.36987473012e+18
2.14731635001e+18
4.15998760750e+18
1.98395303275e+19
-9.33744783689e+18
-4.29221624858e+18
-3.03944737095e+18
-2.51731606371e+18
-2.27700114044e+18
-2.18859119755e+18
-2.20631326919e+18
-2.32113409686e+18
-2.54749426458e+18
-2.92753599716e+18
-3.55788336726e+18
-4.66869941150e+18
-6.93453863451e+18
-1.35108855274e+19
-1.59994598538e+20
1.76483003360e+19
8.87601704170e+18
6.24580043742e+18
5.05859885990e+18
4.45356388386e+18
4.16145199100e+18
4.08223036165e+18
4.18560823553e+18
4.48593153365e+18
5.04909046057e+18
6.03528673315e+18
7.84595115840e+18
1.17488523979e+19
2.46633929225e+19
-2.30695619771e+20
-2.09993720300e+19
-1.14188504938e+19
-8.15752397930e+18
-6.60966073038e+18
-5.79262766676e+18
-5.38045449145e+18
-5.24720401803e+18
-5.35386534980e+18
-5.72035677398e+18
-6.43644261191e+18
-7.72611377348e+18
-1.01772929590e+19
-1.58001378760e+19
-3.82870558160e+19
8.60556180025e+19
2.07209458915e+19
1.21577959567e+19
8.91559225011e+18
7.31188163101e+18
6.44922723440e+18
6.01240582058e+18
5.87733916922e+18
6.00873325558e+18
6.43582535418e+18
7.27050915115e+18
8.79342050570e+18
1.17673469401e+19
1.90134814120e+19
5.55770939238e+19
-5.77199954100e+19
-1.93202547295e+19
-1.19315136789e+19
-8.92373399442e+18
-7.39362344629e+18
-6.56371045343e+18
-6.14992085179e+18
-6.04059644384e+18
-6.20930585129e+18
-6.69743887383e+18
-7.64188755675e+18
-9.38840453912e+18
-1.29249676159e+19
-2.23593098802e+19
-9.95642864187e+19
3.96830450250e+19
1.68497816914e+19
1.09971772461e+19
8.43562047320e+18
7.09451304643e+18
6.36309960032e+18
6.00902675897e+18
5.94179291061e+18
6.14666790456e+18
6.67569966447e+18
7.68345241471e+18
9.56227692766e+18
