# omega [THz]     Im(E_{dir,06}) QE num     Im(E_{dir,06}) sin QE num, $\epsilon_1$ = 1, v = c/300 $\mu$m/s, b = -2$\mu$m
1.00000000000e-02	0.00000000000e+00	0.00000000000e+00	1.31102085371e-01
1.22000000000e-02	0.00000000000e+00	0.00000000000e+00	4.04673173502e-01
1.44000000000e-02	0.00000000000e+00	0.00000000000e+00	7.54655404867e-01
1.66000000000e-02	0.00000000000e+00	0.00000000000e+00	3.78219494363e-01
1.88000000000e-02	0.00000000000e+00	0.00000000000e+00	1.11220111854e+00
2.10000000000e-02	0.00000000000e+00	0.00000000000e+00	9.31963948856e-01
2.32000000000e-02	0.00000000000e+00	0.00000000000e+00	1.69901112936e+00
2.54000000000e-02	0.00000000000e+00	0.00000000000e+00	4.00280465345e+00
2.76000000000e-02	0.00000000000e+00	0.00000000000e+00	2.81412271197e+00
2.98000000000e-02	0.00000000000e+00	0.00000000000e+00	2.46374408467e+00
3.20000000000e-02	0.00000000000e+00	0.00000000000e+00	2.29152098993e+00
3.42000000000e-02	0.00000000000e+00	0.00000000000e+00	1.13970701022e+01
3.64000000000e-02	0.00000000000e+00	0.00000000000e+00	2.94550530886e+00
3.86000000000e-02	0.00000000000e+00	0.00000000000e+00	1.45402538164e+01
4.08000000000e-02	0.00000000000e+00	0.00000000000e+00	-5.26975625397e+00
4.30000000000e-02	0.00000000000e+00	0.00000000000e+00	2.28601218797e+01
4.52000000000e-02	0.00000000000e+00	0.00000000000e+00	1.23254870198e+01
4.74000000000e-02	0.00000000000e+00	0.00000000000e+00	1.73232113002e+01
4.96000000000e-02	0.00000000000e+00	0.00000000000e+00	9.11570438382e+00
5.18000000000e-02	0.00000000000e+00	0.00000000000e+00	-9.20067772053e+00
5.40000000000e-02	0.00000000000e+00	0.00000000000e+00	-1.91614283447e+01
5.62000000000e-02	0.00000000000e+00	0.00000000000e+00	3.45661306770e+01
5.84000000000e-02	0.00000000000e+00	0.00000000000e+00	3.03237674356e+01
6.06000000000e-02	0.00000000000e+00	0.00000000000e+00	2.09466092388e+01
6.28000000000e-02	0.00000000000e+00	0.00000000000e+00	3.67815072639e+01
6.50000000000e-02	0.00000000000e+00	0.00000000000e+00	3.81175436668e+01
6.72000000000e-02	0.00000000000e+00	0.00000000000e+00	-7.44629746690e+00
6.94000000000e-02	0.00000000000e+00	0.00000000000e+00	2.36266429899e+01
7.16000000000e-02	0.00000000000e+00	0.00000000000e+00	1.20823862165e+02
7.38000000000e-02	0.00000000000e+00	0.00000000000e+00	-2.12152537921e+02
7.60000000000e-02	0.00000000000e+00	0.00000000000e+00	7.53500327164e+01
7.82000000000e-02	0.00000000000e+00	0.00000000000e+00	3.50472739311e+01
8.04000000000e-02	0.00000000000e+00	0.00000000000e+00	6.12589338655e+01
8.26000000000e-02	0.00000000000e+00	0.00000000000e+00	7.62703594404e+01
8.48000000000e-02	0.00000000000e+00	0.00000000000e+00	7.06547754101e+01
8.70000000000e-02	0.00000000000e+00	0.00000000000e+00	4.41806353054e+01
8.92000000000e-02	0.00000000000e+00	0.00000000000e+00	5.42238365167e+01
9.14000000000e-02	0.00000000000e+00	0.00000000000e+00	1.08553863503e+02
9.36000000000e-02	0.00000000000e+00	0.00000000000e+00	8.99205337092e+01
9.58000000000e-02	0.00000000000e+00	0.00000000000e+00	2.33010628592e+02
9.80000000000e-02	0.00000000000e+00	0.00000000000e+00	-1.67644765345e+02
1.00200000000e-01	0.00000000000e+00	0.00000000000e+00	1.54207694055e+02
1.02400000000e-01	0.00000000000e+00	0.00000000000e+00	1.08572224742e+02
1.04600000000e-01	0.00000000000e+00	0.00000000000e+00	1.08054324806e+02
1.06800000000e-01	0.00000000000e+00	0.00000000000e+00	-1.13029002036e+01
1.09000000000e-01	0.00000000000e+00	0.00000000000e+00	5.83211358143e+01
1.11200000000e-01	0.00000000000e+00	0.00000000000e+00	9.65385165881e+01
1.13400000000e-01	0.00000000000e+00	0.00000000000e+00	1.82249032267e+02
1.15600000000e-01	0.00000000000e+00	0.00000000000e+00	2.15603816751e+02
1.17800000000e-01	0.00000000000e+00	0.00000000000e+00	1.86472048374e+02
1.20000000000e-01	0.00000000000e+00	0.00000000000e+00	-1.22650929317e+02
1.22200000000e-01	0.00000000000e+00	0.00000000000e+00	2.58621648235e+02
1.24400000000e-01	0.00000000000e+00	0.00000000000e+00	-4.28203427305e+02
1.26600000000e-01	0.00000000000e+00	0.00000000000e+00	2.97524268201e+02
1.28800000000e-01	0.00000000000e+00	0.00000000000e+00	1.19005166871e+02
1.31000000000e-01	0.00000000000e+00	0.00000000000e+00	-2.66361607155e+02
1.33200000000e-01	0.00000000000e+00	0.00000000000e+00	6.22006109927e+01
1.35400000000e-01	0.00000000000e+00	0.00000000000e+00	-5.81788960727e+01
1.37600000000e-01	0.00000000000e+00	0.00000000000e+00	4.97309325856e+02
1.39800000000e-01	0.00000000000e+00	0.00000000000e+00	4.59274582836e+02
1.42000000000e-01	0.00000000000e+00	0.00000000000e+00	7.80724456967e+01
1.44200000000e-01	0.00000000000e+00	0.00000000000e+00	1.69845841887e+02
1.46400000000e-01	0.00000000000e+00	0.00000000000e+00	2.95984358999e+02
1.48600000000e-01	0.00000000000e+00	0.00000000000e+00	-1.43002039443e+02
1.50800000000e-01	0.00000000000e+00	0.00000000000e+00	1.78972906024e+02
1.53000000000e-01	0.00000000000e+00	0.00000000000e+00	8.21141937585e+01
1.55200000000e-01	0.00000000000e+00	0.00000000000e+00	2.98785914943e+01
1.57400000000e-01	0.00000000000e+00	0.00000000000e+00	-2.07063941743e+02
1.59600000000e-01	0.00000000000e+00	0.00000000000e+00	2.87800557850e+02
1.61800000000e-01	0.00000000000e+00	0.00000000000e+00	-2.17727221128e+02
1.64000000000e-01	0.00000000000e+00	0.00000000000e+00	9.02149867291e+02
1.66200000000e-01	0.00000000000e+00	0.00000000000e+00	-1.61644072628e+02
1.68400000000e-01	0.00000000000e+00	0.00000000000e+00	5.32085888013e+02
1.70600000000e-01	0.00000000000e+00	0.00000000000e+00	4.51936679321e+02
1.72800000000e-01	0.00000000000e+00	0.00000000000e+00	2.40161664640e+03
1.75000000000e-01	0.00000000000e+00	0.00000000000e+00	1.53231758104e+03
