# EELS QE num, $\epsilon_1$ = 1, v = c/400 $\mu$m/s, xD = 0$\mu$m, b = -2.00$\mu$m
# $\epsilon_2$ = 1, $\hbar\mu$ = 0.70eV, $\hbar\gamma$ = 0.0001eV, $z_p=2.00\mu$m
# $\kappa$ = 0.10$\omega_0$, $\kappa_r$ = 0.50$\kappa$, $\omega_0$ =0.05THz
1.05284097154e+20
2.07331112885e+21
5.78598049736e+21
8.92750699866e+21
1.14646909488e+22
1.44319153996e+22
1.82004814108e+22
2.29281474680e+22
2.92113114303e+22
3.79855725840e+22
5.09028331115e+22
7.20892458954e+22
1.12889017796e+23
2.18467519898e+23
1.04296117492e+24
-4.87732279782e+23
-2.24095821093e+23
-1.58476284670e+23
-1.30992105015e+23
-1.18175310298e+23
-1.13205049771e+23
-1.13649547214e+23
-1.18989782114e+23
-1.29897512344e+23
-1.48414183263e+23
-1.79263170414e+23
-2.33703577486e+23
-3.44699647800e+23
-6.66238904613e+23
-7.65397447095e+24
8.62412256114e+23
4.30046178448e+23
3.00384257102e+23
2.41616057558e+23
2.11336137479e+23
1.96252569369e+23
1.91378179641e+23
1.95114840870e+23
2.07983502246e+23
2.32889042171e+23
2.77026579018e+23
3.58512819494e+23
5.34725537454e+23
1.12022237344e+24
-9.93102015146e+24
-9.36070650946e+23
-5.07489462210e+23
-3.60949562862e+23
-2.91020522974e+23
-2.53703623967e+23
-2.34343202156e+23
-2.27208884921e+23
-2.30412131130e+23
-2.44608700523e+23
-2.73380870351e+23
-3.25837659447e+23
-4.25974330751e+23
-6.55698882543e+23
-1.56823353891e+24
3.62314167745e+24
8.50195945344e+23
4.94137354918e+23
3.59488160210e+23
2.92635788604e+23
2.56270246500e+23
2.37265542308e+23
2.30388345242e+23
2.34020788667e+23
2.49097969900e+23
2.79729986143e+23
3.36427222040e+23
4.47959337633e+23
7.21398539132e+23
2.12604679540e+24
-2.10359573268e+24
-7.09549192878e+23
-4.36690722198e+23
-3.24935596643e+23
-2.67664074963e+23
-2.36149027439e+23
-2.19820570172e+23
-2.14443128317e+23
-2.18868465563e+23
-2.34327277304e+23
-2.65294455559e+23
-3.23222060113e+23
-4.40835930051e+23
-7.53214236121e+23
-3.20860817269e+24
1.35989007998e+24
5.65910436295e+23
3.65367982337e+23
2.77747485610e+23
2.31663496723e+23
2.06153312804e+23
1.93218697271e+23
1.89673529950e+23
1.94847763990e+23
2.10213444214e+23
2.40446568218e+23
2.97600225246e+23
