# E_{ref,x} QE num, $\epsilon_1$ = 1, v = c/400 $\mu$m/s, x = 1$\mu$m, y = 1$\mu$m, b = -2.00$\mu$m
# $\epsilon_2$ = 1, $\hbar\mu$ = 0.70eV, $\hbar\gamma$ = 0.0001eV, $z_p=2.00\mu$m, z = 1$\mu$m
-1.85834974528e-05
-2.90441864376e-04
-1.42599301223e-03
-4.34034422846e-03
-1.01363742272e-02
-1.99771352646e-02
-3.49646259020e-02
-5.60404254795e-02
-8.39199650601e-02
-1.19066944128e-01
-1.61708399231e-01
-2.11885082028e-01
-2.69526950809e-01
-3.34540391834e-01
-4.06892672477e-01
-4.86680181874e-01
-5.74170013379e-01
-6.69808887874e-01
-7.74198613328e-01
-8.88042440245e-01
-1.01207104740e+00
-1.14695985623e+00
-1.29325052537e+00
-1.45128869398e+00
-1.62118748240e+00
-1.80282233588e+00
-1.99585811395e+00
-2.19980458379e+00
-2.41409236331e+00
-2.63815846535e+00
-2.87152931478e+00
-3.11388960337e+00
-3.36512750800e+00
-3.62535028717e+00
-3.89486856187e+00
-4.17415205070e+00
-4.46376352222e+00
-4.76428068830e+00
-5.07621728503e+00
-5.39995448360e+00
-5.73569208558e+00
-6.08342595602e+00
-6.44295428499e+00
-6.81391110852e+00
-7.19582165970e+00
-7.58817110355e+00
-7.99047644570e+00
-8.40235112419e+00
-8.82355300609e+00
-9.25400902002e+00
-9.69381308179e+00
-1.01431978147e+01
-1.06024842781e+01
-1.10720169791e+01
-1.15520934291e+01
-1.20428981679e+01
-1.25444504357e+01
-1.30565726627e+01
-1.35788839683e+01
-1.41108193564e+01
-1.46516717471e+01
-1.52006509076e+01
-1.57569511441e+01
-1.63198185813e+01
-1.68886091140e+01
-1.74628295936e+01
-1.80421572859e+01
-1.86264357390e+01
-1.92156484906e+01
-1.98098750536e+01
-2.04092359490e+01
-2.10138348880e+01
-2.16237063833e+01
-2.22387760966e+01
-2.28588392576e+01
-2.34835598332e+01
-2.41124901451e+01
-2.47451077718e+01
-2.53808642104e+01
-2.60192382273e+01
-2.66597863059e+01
-2.73021831304e+01
-2.79462465566e+01
-2.85919437552e+01
-2.92393778703e+01
-2.98887572188e+01
-3.05403514099e+01
-3.11944404600e+01
-3.18512638057e+01
-3.25109759806e+01
-3.31736146605e+01
-3.38390849647e+01
-3.45071616021e+01
-3.51775079855e+01
-3.58497091607e+01
-3.65233136094e+01
-3.71978779191e+01
-3.78730081031e+01
-3.85483919952e+01
-3.92238185410e+01
-3.98991817310e+01
-4.05744691106e+01
-4.12497369351e+01
-4.19250758321e+01
-4.26005720443e+01
-4.32762698103e+01
-4.39521401421e+01
-4.46280602434e+01
-4.53038062415e+01
-4.59790600038e+01
-4.66534288508e+01
-4.73264752313e+01
-4.79977521268e+01
-4.86668392652e+01
-4.93333752315e+01
-4.99970812401e+01
-5.06577735764e+01
-5.13153633321e+01
-5.19698438221e+01
-5.26212677365e+01
-5.32697174191e+01
-5.39152725043e+01
-5.45579793852e+01
-5.51978266096e+01
-5.58347293746e+01
-5.64685249617e+01
-5.70989794114e+01
-5.77258041947e+01
-5.83486803149e+01
-5.89672863387e+01
-5.95813264237e+01
-6.01905545296e+01
-6.07947916412e+01
-6.13939338798e+01
-6.19879506973e+01
-6.25768737255e+01
-6.31607781236e+01
-6.37397592359e+01
-6.43139079357e+01
-6.48832881111e+01
-6.54479193531e+01
-6.60077671007e+01
-6.65627414096e+01
-6.71127042876e+01
-6.76574843647e+01
-6.81968966855e+01
-6.87307647676e+01
-6.92589418274e+01
-6.97813282678e+01
-7.02978831023e+01
-7.08086278729e+01
-7.13136426701e+01
-7.18130549438e+01
-7.23070227397e+01
-7.27957147019e+01
-7.32792895416e+01
-7.37578776592e+01
-7.42315672278e+01
-7.47003963661e+01
-7.51643521517e+01
-7.56233762725e+01
-7.60773762218e+01
-7.65262402299e+01
-7.69698536807e+01
-7.74081146423e+01
-7.78409463494e+01
-7.82683049738e+01
-7.86901817304e+01
-7.91065991870e+01
-7.95176024587e+01
-7.99232466640e+01
-8.03235825045e+01
-8.07186420466e+01
-8.11084267086e+01
-8.14928991097e+01
-8.18719798724e+01
-8.22455497764e+01
-8.26134569264e+01
-8.29755279374e+01
-8.33315816255e+01
-8.36814434079e+01
-8.40249585717e+01
-8.43620027873e+01
-8.46924886603e+01
-8.50163676922e+01
-8.53336276540e+01
-8.56442859915e+01
-8.59483803925e+01
-8.62459579776e+01
-8.65370647068e+01
-8.68217364942e+01
-8.70999932273e+01
-8.73718364368e+01
-8.76372508225e+01
-8.78962092965e+01
-8.81486807164e+01
-8.83946391300e+01
-8.86340731707e+01
-8.88669942511e+01
-8.90934424032e+01
