# E_{ref,x} num, $\epsilon_1$ = 1, v = c/400 $\mu$m/s, x = 1$\mu$m, y = 1$\mu$m, b = -2.00$\mu$m
# $\epsilon_2$ = 1, $\hbar\mu$ = 0.70eV, $\hbar\gamma$ = 0.0001eV, $z_p=2.00\mu$m, z = 1$\mu$m
1.98346518132e-10
-6.49812487060e-09
-1.59628231217e-07
-1.24113166217e-06
-5.79661512899e-06
-1.99030440702e-05
-5.53979098012e-05
-1.32198055775e-04
-2.80225442039e-04
-5.40449362690e-04
-9.64656737276e-04
-1.61375894454e-03
-2.55470090563e-03
-3.85630837016e-03
-5.58464081107e-03
-7.79856329037e-03
-1.05462782403e-02
-1.38634546586e-02
-1.77733682371e-02
-2.22891539806e-02
-2.74179225329e-02
-3.31661613520e-02
-3.95455898394e-02
-4.65785106068e-02
-5.43017251363e-02
-6.27682645587e-02
-7.20465025681e-02
-8.22166219288e-02
-9.33648365700e-02
-1.05576159081e-01
-1.18926783912e-01
-1.33477279926e-01
-1.49267725635e-01
-1.66315678167e-01
-1.84617473455e-01
-2.04152865768e-01
-2.24892501952e-01
-2.46807268274e-01
-2.69878217885e-01
-2.94105639975e-01
-3.19515896240e-01
-3.46164923709e-01
-3.74137750525e-01
-4.03543931066e-01
-4.34509398104e-01
-4.67165765283e-01
-5.01638511774e-01
-5.38035679965e-01
-5.76438682352e-01
-6.16896545011e-01
-6.59424446844e-01
-7.04006810775e-01
-7.50604551061e-01
-7.99165474488e-01
-8.49636361919e-01
-9.01974991528e-01
-9.56160348279e-01
-1.01219950204e+00
-1.07013009846e+00
-1.13001802870e+00
-1.19195053810e+00
-1.25602570059e+00
-1.32233972788e+00
-1.39097392101e+00
-1.46198315386e+00
-1.53538759084e+00
-1.61116890595e+00
-1.68927164887e+00
-1.76960968209e+00
-1.85207689366e+00
-1.93656077567e+00
-2.02295703752e+00
-2.11118325715e+00
-2.20118968766e+00
-2.29296571734e+00
-2.38654107567e+00
-2.48198160317e+00
-2.57938015724e+00
-2.67884390336e+00
-2.78047974450e+00
-2.88437990059e+00
-2.99060962734e+00
-3.09919876129e+00
-3.21013823978e+00
-3.32338204432e+00
-3.43885425330e+00
-3.55646017272e+00
-3.67609994117e+00
-3.79768266019e+00
-3.92113902993e+00
-4.04643068365e+00
-4.17355488253e+00
-4.30254388747e+00
-4.43345907600e+00
-4.56638061369e+00
-4.70139411614e+00
-4.83857616304e+00
-4.97798068985e+00
-5.11962816357e+00
-5.26349906365e+00
-5.40953259288e+00
-5.55763081874e+00
-5.70766769601e+00
-5.85950174993e+00
-6.01299069972e+00
-6.16800604295e+00
-6.32444563745e+00
-6.48224260455e+00
-6.64136939494e+00
-6.80183653166e+00
-6.96368628028e+00
-7.12698219099e+00
-7.29179601488e+00
-7.45819384153e+00
-7.62622339015e+00
-7.79590420315e+00
-7.96722206672e+00
-8.14012837836e+00
-8.31454448332e+00
-8.49037030702e+00
-8.66749601599e+00
-8.84581502773e+00
-9.02523651487e+00
-9.20569563371e+00
-9.38716003788e+00
-9.56963176501e+00
-9.75314423438e+00
-9.93775477423e+00
-1.01235337142e+01
-1.03105515469e+01
-1.04988659198e+01
-1.06885102281e+01
-1.08794853484e+01
-1.10717556091e+01
-1.12652495050e+01
-1.14598650130e+01
-1.16554787384e+01
-1.18519576145e+01
-1.20491715435e+01
-1.22470052685e+01
-1.24453678936e+01
-1.26441988211e+01
-1.28434693845e+01
-1.30431800604e+01
-1.32433537523e+01
-1.34440261724e+01
-1.36452347320e+01
-1.38470075306e+01
-1.40493539974e+01
-1.42522584810e+01
-1.44556776563e+01
-1.46595420694e+01
-1.48637615643e+01
-1.50682337949e+01
-1.52728546061e+01
-1.54775288220e+01
-1.56821799374e+01
-1.58867573766e+01
-1.60912403294e+01
-1.62956376591e+01
-1.64999839163e+01
-1.67043320272e+01
-1.69087436682e+01
-1.71132786422e+01
-1.73179846866e+01
-1.75228890634e+01
-1.77279930159e+01
-1.79332697719e+01
-1.81386662756e+01
-1.83441083223e+01
-1.85495083155e+01
-1.87547745209e+01
-1.89598205151e+01
-1.91645735267e+01
-1.93689805483e+01
-1.95730114291e+01
-1.97766585904e+01
-1.99799334824e+01
-2.01828603502e+01
-2.03854682368e+01
-2.05877823845e+01
-2.07898162559e+01
-2.09915652917e+01
-2.11930032653e+01
-2.13940817217e+01
-2.15947325539e+01
-2.17948733396e+01
-2.19944146832e+01
-2.21932685459e+01
-2.23913564256e+01
-2.25886162848e+01
-2.27850073125e+01
-2.29805119150e+01
-2.31751347179e+01
-2.33688987668e+01
-2.35618394950e+01
-2.37539973126e+01
-2.39454098423e+01
-2.41361048528e+01
-2.43260948209e+01
