# omega [THz]     Im(E_{dir}) analytic     Im(E_{dir}) QE num     Im(E_{dir}) sin QE num, $\epsilon_1$ = 1, v = c/800 $\mu$m/s, b = -0.50$\mu$m, plot_fieldE_direct2.2.py
1.00000000000e-03	1.91225724099e+01	7.04914818945e-09	7.04809721322e-09
2.00000000000e-03	3.82456865511e+01	1.11328581492e-07	1.11311983712e-07
3.00000000000e-03	5.73697569901e+01	5.51476770994e-07	5.51394554082e-07
4.00000000000e-03	7.64951414722e+01	1.69022143120e-06	1.68996944823e-06
5.00000000000e-03	9.56221623604e+01	3.96464671328e-06	3.96405565791e-06
6.00000000000e-03	1.14751115985e+02	7.82182435954e-06	7.82065827695e-06
7.00000000000e-03	1.33882278027e+02	1.36446555713e-05	1.36426214276e-05
8.00000000000e-03	1.53015907049e+02	2.16736632222e-05	2.16704321429e-05
9.00000000000e-03	1.72152246983e+02	3.19310361430e-05	3.19262759944e-05
1.00000000000e-02	1.91291528992e+02	4.41534200712e-05	4.41468380926e-05
1.10000000000e-02	2.10433972912e+02	5.77397533542e-05	5.77311466109e-05
1.20000000000e-02	2.29579788401e+02	7.17198589810e-05	7.17091695535e-05
1.30000000000e-02	2.48729175879e+02	8.47485472303e-05	8.47359183450e-05
1.40000000000e-02	2.67882327311e+02	9.51286937186e-05	9.51145225014e-05
1.50000000000e-02	2.87039426869e+02	1.00865192337e-04	1.00850174578e-04
1.60000000000e-02	3.06200651498e+02	9.97499135094e-05	9.97350758021e-05
1.70000000000e-02	3.25366171410e+02	8.94759099976e-05	8.94626248560e-05
1.80000000000e-02	3.44536150511e+02	6.77771986418e-05	6.77671787496e-05
1.90000000000e-02	3.63710746783e+02	3.25886052589e-05	3.25838737983e-05
2.00000000000e-02	3.82890112623e+02	-1.77815099373e-05	-1.77786748560e-05
2.10000000000e-02	4.02074395143e+02	-8.44742331831e-05	-8.44613807029e-05
2.20000000000e-02	4.21263736441e+02	-1.67908423888e-04	-1.67883038472e-04
2.30000000000e-02	4.40458273854e+02	-2.67624655656e-04	-2.67584288783e-04
2.40000000000e-02	4.59658140176e+02	-3.82155188972e-04	-3.82097610631e-04
2.50000000000e-02	4.78863463864e+02	-5.08930026030e-04	-5.08853390689e-04
2.60000000000e-02	4.98074369229e+02	-6.44228201888e-04	-6.44131222196e-04
2.70000000000e-02	5.17290976607e+02	-7.83182050596e-04	-7.83064170922e-04
2.80000000000e-02	5.36513402521e+02	-9.19840284744e-04	-9.19701845722e-04
2.90000000000e-02	5.55741759825e+02	-1.04729340035e-03	-1.04713578505e-03
3.00000000000e-02	5.74976157848e+02	-1.15786224675e-03	-1.15768799892e-03
3.10000000000e-02	5.94216702517e+02	-1.24334768351e-03	-1.24316058860e-03
3.20000000000e-02	6.13463496481e+02	-1.29533619968e-03	-1.29514132008e-03
3.30000000000e-02	6.32716639220e+02	-1.30555332371e-03	-1.30535698080e-03
3.40000000000e-02	6.51976227155e+02	-1.26625373969e-03	-1.26606343695e-03
3.50000000000e-02	6.71242353743e+02	-1.17063438494e-03	-1.17045866841e-03
3.60000000000e-02	6.90515109572e+02	-1.01325456723e-03	-1.01310282186e-03
3.70000000000e-02	7.09794582449e+02	-7.90445429696e-04	-7.90327613072e-04
3.80000000000e-02	7.29080857486e+02	-5.00690015865e-04	-5.00616333175e-04
3.90000000000e-02	7.48374017176e+02	-1.44954830488e-04	-1.44935358014e-04
4.00000000000e-02	7.67674141467e+02	2.73045782360e-04	2.73001515504e-04
4.10000000000e-02	7.86981307838e+02	7.46669884366e-04	7.46553343581e-04
4.20000000000e-02	8.06295591363e+02	1.26626819910e-03	1.26607230576e-03
4.30000000000e-02	8.25617064776e+02	1.81921693344e-03	1.81893652345e-03
4.40000000000e-02	8.44945798531e+02	2.39007216951e-03	2.38970443045e-03
4.50000000000e-02	8.64281860868e+02	2.96085066653e-03	2.96039553406e-03
4.60000000000e-02	8.83625317858e+02	3.51143725733e-03	3.51089775129e-03
4.70000000000e-02	9.02976233465e+02	4.02011403587e-03	4.01949651718e-03
4.80000000000e-02	9.22334669597e+02	4.46420138635e-03	4.46351571699e-03
4.90000000000e-02	9.41700686149e+02	4.82079579219e-03	4.82005538299e-03
5.00000000000e-02	9.61074341057e+02	5.06758448739e-03	5.06680622102e-03
5.10000000000e-02	9.80455690340e+02	5.18371257372e-03	5.18291659395e-03
5.20000000000e-02	9.99844788146e+02	5.15067442354e-03	5.14988378613e-03
5.30000000000e-02	1.01924168679e+03	4.95319820127e-03	4.95243838656e-03
5.40000000000e-02	1.03864643680e+03	4.58009032885e-03	4.57938862117e-03
5.50000000000e-02	1.05805908696e+03	4.02500582453e-03	4.02439056884e-03
5.60000000000e-02	1.07747968431e+03	3.28711075823e-03	3.28661050966e-03
5.70000000000e-02	1.09690827426e+03	2.37160464878e-03	2.37124723599e-03
5.80000000000e-02	1.11634490054e+03	1.29007349230e-03	1.28988502000e-03
5.90000000000e-02	1.13578960529e+03	6.06482243445e-05	6.06520447491e-05
6.00000000000e-02	1.15524242906e+03	-1.29205129922e-03	-1.29183561293e-03
6.10000000000e-02	1.17470341087e+03	-2.73720039309e-03	-2.73675803601e-03
6.20000000000e-02	1.19417258822e+03	-4.23828810058e-03	-4.23760995094e-03
6.30000000000e-02	1.21364999714e+03	-5.75386875979e-03	-5.75295218266e-03
6.40000000000e-02	1.23313567218e+03	-7.23853685074e-03	-7.23738635454e-03
6.50000000000e-02	1.25262964647e+03	-8.64410698682e-03	-8.64273469925e-03
6.60000000000e-02	1.27213195176e+03	-9.92097265399e-03	-9.91939858768e-03
6.70000000000e-02	1.29164261839e+03	-1.10196094904e-02	-1.10178615736e-02
6.80000000000e-02	1.31116167540e+03	-1.18921818345e-02	-1.18902956882e-02
6.90000000000e-02	1.33068915046e+03	-1.24942052392e-02	-1.24922236897e-02
7.00000000000e-02	1.35022506996e+03	-1.27862129117e-02	-1.27841852345e-02
7.10000000000e-02	1.36976945901e+03	-1.27353708296e-02	-1.27333517315e-02
7.20000000000e-02	1.38932234148e+03	-1.23169847852e-02	-1.23150331378e-02
7.30000000000e-02	1.40888373998e+03	-1.15158429613e-02	-1.15140203096e-02
7.40000000000e-02	1.42845367594e+03	-1.03273399206e-02	-1.03257087998e-02
7.50000000000e-02	1.44803216957e+03	-8.75833211808e-03	-8.75695421865e-03
7.60000000000e-02	1.46761923995e+03	-6.82768116176e-03	-6.82661539136e-03
7.70000000000e-02	1.48721490497e+03	-4.56644894688e-03	-4.56574944369e-03
7.80000000000e-02	1.50681918141e+03	-2.01771828200e-03	-2.01743243913e-03
7.90000000000e-02	1.52643208495e+03	7.63976529285e-04	7.63809965679e-04
8.00000000000e-02	1.54605363016e+03	3.71361279030e-03	3.71296548437e-03
8.10000000000e-02	1.56568383053e+03	6.75702723589e-03	6.75588282339e-03
8.20000000000e-02	1.58532269852e+03	9.81262670323e-03	9.81098208959e-03
8.30000000000e-02	1.60497024552e+03	1.27934269539e-02	1.27912932916e-02
8.40000000000e-02	1.62462648193e+03	1.56093726589e-02	1.56067759581e-02
8.50000000000e-02	1.64429141711e+03	1.81698802178e-02	1.81668615422e-02
8.60000000000e-02	1.66396505945e+03	2.03865351072e-02	2.03831503312e-02
8.70000000000e-02	1.68364741635e+03	2.21758672295e-02	2.21721863356e-02
8.80000000000e-02	1.70333849428e+03	2.34621216009e-02	2.34582275113e-02
8.90000000000e-02	1.72303829872e+03	2.41799379628e-02	2.41759249153e-02
9.00000000000e-02	1.74274683427e+03	2.42768517501e-02	2.42728232411e-02
9.10000000000e-02	1.76246410456e+03	2.37155304388e-02	2.37115967711e-02
9.20000000000e-02	1.78219011237e+03	2.24756636895e-02	2.24719391779e-02
9.30000000000e-02	1.80192485956e+03	2.05554328730e-02	2.05520327717e-02
9.40000000000e-02	1.82166834712e+03	1.79724953859e-02	1.79695326155e-02
9.50000000000e-02	1.84142057519e+03	1.47644314331e-02	1.47620131946e-02
9.60000000000e-02	1.86118154305e+03	1.09886153716e-02	1.09868397416e-02
9.70000000000e-02	1.88095124915e+03	6.72148989603e-03	6.72044250508e-03
9.80000000000e-02	1.90072969110e+03	2.05723886426e-03	2.05698975945e-03
9.90000000000e-02	1.92051686573e+03	-2.89412710646e-03	-2.89352631106e-03
1.00000000000e-01	1.94031276904e+03	-8.00923953098e-03	-8.00775811685e-03
1.01000000000e-01	1.96011739625e+03	-1.31543443897e-02	-1.31519745184e-02
1.02000000000e-01	1.97993074182e+03	-1.81887094408e-02	-1.81854675780e-02
1.03000000000e-01	1.99975279943e+03	-2.29683820988e-02	-2.29643098080e-02
1.04000000000e-01	2.01958356201e+03	-2.73501995322e-02	-2.73453635845e-02
1.05000000000e-01	2.03942302173e+03	-3.11959412206e-02	-3.11904329853e-02
1.06000000000e-01	2.05927117004e+03	-3.43765057644e-02	-3.43704398625e-02
1.07000000000e-01	2.07912799769e+03	-3.67759886127e-02	-3.67695008391e-02
1.08000000000e-01	2.09899349468e+03	-3.82955358505e-02	-3.82887803913e-02
1.09000000000e-01	2.11886765032e+03	-3.88568514178e-02	-3.88499974099e-02
1.10000000000e-01	2.13875045324e+03	-3.84052411807e-02	-3.83984686850e-02
1.11000000000e-01	2.15864189138e+03	-3.69120870766e-02	-3.69055825534e-02
1.12000000000e-01	2.17854195199e+03	-3.43766579186e-02	-3.43706093146e-02
1.13000000000e-01	2.19845062169e+03	-3.08271800859e-02	-3.08217716566e-02
1.14000000000e-01	2.21836788641e+03	-2.63211108206e-02	-2.63165178257e-02
1.15000000000e-01	2.23829373147e+03	-2.09445787012e-02	-2.09409621195e-02
1.16000000000e-01	2.25822814151e+03	-1.48109794651e-02	-1.48084808822e-02
1.17000000000e-01	2.27817110059e+03	-8.05874004162e-03	-8.05747686154e-03
1.18000000000e-01	2.29812259211e+03	-8.48288710097e-04	-8.48349845923e-04
1.19000000000e-01	2.31808259888e+03	6.64170602803e-03	6.64026384956e-03
1.20000000000e-01	2.33805110310e+03	1.42187417512e-02	1.42158969319e-02
1.21000000000e-01	2.35802808639e+03	2.16814258416e-02	2.16771939927e-02
1.22000000000e-01	2.37801352976e+03	2.88248298366e-02	2.88192649035e-02
1.23000000000e-01	2.39800741366e+03	3.54461118149e-02	3.54393061737e-02
1.24000000000e-01	2.41800971796e+03	4.13502522239e-02	4.13423357101e-02
1.25000000000e-01	2.43802042198e+03	4.63557408317e-02	4.63468786839e-02
1.26000000000e-01	2.45803950446e+03	5.03000493616e-02	5.02904390986e-02
1.27000000000e-01	2.47806694362e+03	5.30447260770e-02	5.30345933545e-02
1.28000000000e-01	2.49810271711e+03	5.44799551749e-02	5.44695487010e-02
1.29000000000e-01	2.51814680208e+03	5.45284352648e-02	5.45180208814e-02
1.30000000000e-01	2.53819917513e+03	5.31484472136e-02	5.31383012792e-02
1.31000000000e-01	2.55825981235e+03	5.03360018719e-02	5.03264041066e-02
1.32000000000e-01	2.57832868931e+03	4.61259821540e-02	4.61172081265e-02
1.33000000000e-01	2.59840578108e+03	4.05922209947e-02	4.05845344500e-02
1.34000000000e-01	2.61849106224e+03	3.38464861211e-02	3.38401313566e-02
1.35000000000e-01	2.63858450685e+03	2.60363735305e-02	2.60315680355e-02
1.36000000000e-01	2.65868608852e+03	1.73421431772e-02	1.73390707501e-02
1.37000000000e-01	2.67879578035e+03	7.97256171097e-03	7.97136626270e-03
1.38000000000e-01	2.69891355500e+03	-1.84015274750e-03	-1.83937250786e-03
1.39000000000e-01	2.71903938462e+03	-1.18461607925e-02	-1.18433556154e-02
1.40000000000e-01	2.73917324093e+03	-2.17844588468e-02	-2.17796319844e-02
1.41000000000e-01	2.75931509520e+03	-3.13897939377e-02	-3.13830028501e-02
1.42000000000e-01	2.77946491822e+03	-4.03998501264e-02	-4.03912067599e-02
1.43000000000e-01	2.79962268038e+03	-4.85625089202e-02	-4.85521785028e-02
1.44000000000e-01	2.81978835159e+03	-5.56429798506e-02	-5.56311781912e-02
1.45000000000e-01	2.83996190136e+03	-6.14305970551e-02	-6.14175863734e-02
1.46000000000e-01	2.86014329877e+03	-6.57450832828e-02	-6.57311666381e-02
1.47000000000e-01	2.88033251245e+03	-6.84420941814e-02	-6.84276086106e-02
1.48000000000e-01	2.90052951066e+03	-6.94178728015e-02	-6.94031813162e-02
1.49000000000e-01	2.92073426122e+03	-6.86128665607e-02	-6.85983491868e-02
1.50000000000e-01	2.94094673157e+03	-6.60141858787e-02	-6.60002299579e-02
1.51000000000e-01	2.96116688872e+03	-6.16568146282e-02	-6.16438046246e-02
1.52000000000e-01	2.98139469931e+03	-5.56235165838e-02	-5.56118236604e-02
1.53000000000e-01	3.00163012960e+03	-4.80434182670e-02	-4.80333899122e-02
1.54000000000e-01	3.02187314545e+03	-3.90892859422e-02	-3.90812359306e-02
1.55000000000e-01	3.04212371233e+03	-2.89735519512e-02	-2.89677509243e-02
1.56000000000e-01	3.06238179537e+03	-1.79431819870e-02	-1.79398489288e-02
1.57000000000e-01	3.08264735932e+03	-6.27350922718e-03	-6.27280409223e-03
1.58000000000e-01	3.10292036855e+03	5.73880755752e-03	5.73678982855e-03
1.59000000000e-01	3.12320078709e+03	1.77835176832e-02	1.77787515605e-02
1.60000000000e-01	3.14348857861e+03	2.95449975860e-02	2.95375295946e-02
1.61000000000e-01	3.16378370643e+03	4.07107322041e-02	4.07006816966e-02
1.62000000000e-01	3.18408613353e+03	5.09798253192e-02	5.09673833050e-02
1.63000000000e-01	3.20439582255e+03	6.00713016496e-02	6.00567276605e-02
1.64000000000e-01	3.22471273579e+03	6.77319664192e-02	6.77155834452e-02
1.65000000000e-01	3.24503683521e+03	7.37435978138e-02	7.37257853952e-02
1.66000000000e-01	3.26536808248e+03	7.79292639638e-02	7.79104495793e-02
1.67000000000e-01	3.28570643890e+03	8.01585784738e-02	8.01392274151e-02
1.68000000000e-01	3.30605186548e+03	8.03517364647e-02	8.03323404326e-02
1.69000000000e-01	3.32640432291e+03	7.84822058544e-02	7.84632705530e-02
1.70000000000e-01	3.34676377158e+03	7.45779852811e-02	7.45600173214e-02
1.71000000000e-01	3.36713017156e+03	6.87213796403e-02	6.87048730895e-02
1.72000000000e-01	3.38750348263e+03	6.10472855508e-02	6.10327084833e-02
1.73000000000e-01	3.40788366426e+03	5.17400210032e-02	5.17278024151e-02
1.74000000000e-01	3.42827067563e+03	4.10287747674e-02	4.10192922179e-02
1.75000000000e-01	3.44866447564e+03	2.91817906500e-02	2.91753589799e-02
1.76000000000e-01	3.46906502290e+03	1.64994382373e-02	1.64962996937e-02
1.77000000000e-01	3.48947227574e+03	3.30635425149e-03	3.30667031929e-03
1.78000000000e-01	3.50988619220e+03	-1.00571338673e-02	-1.00532886691e-02
1.79000000000e-01	3.53030673006e+03	-2.32440689112e-02	-2.32367110550e-02
1.80000000000e-01	3.55073384683e+03	-3.59101610152e-02	-3.58993996551e-02
1.81000000000e-01	3.57116749974e+03	-4.77230644225e-02	-4.77091006499e-02
1.82000000000e-01	3.59160764577e+03	-5.83713765207e-02	-5.83545001519e-02
1.83000000000e-01	3.61205424163e+03	-6.75731082269e-02	-6.75536921531e-02
1.84000000000e-01	3.63250724378e+03	-7.50833884372e-02	-7.50618806356e-02
1.85000000000e-01	3.65296660843e+03	-8.07011857255e-02	-8.06780990941e-02
1.86000000000e-01	3.67343229154e+03	-8.42748572115e-02	-8.42507574533e-02
1.87000000000e-01	3.69390424882e+03	-8.57063667773e-02	-8.56818586163e-02
1.88000000000e-01	3.71438243574e+03	-8.49540516862e-02	-8.49297637497e-02
1.89000000000e-01	3.73486680753e+03	-8.20338571009e-02	-8.20104258436e-02
1.90000000000e-01	3.75535731919e+03	-7.70190008555e-02	-7.69970539355e-02
1.91000000000e-01	3.77585392548e+03	-7.00380748749e-02	-7.00182144149e-02
1.92000000000e-01	3.79635658094e+03	-6.12716335961e-02	-6.12544197750e-02
1.93000000000e-01	3.81686523986e+03	-5.09473623507e-02	-5.09332977695e-02
1.94000000000e-01	3.83737985635e+03	-3.93339586905e-02	-3.93234739464e-02
1.95000000000e-01	3.85790038427e+03	-2.67338959185e-02	-2.67273367952e-02
1.96000000000e-01	3.87842677726e+03	-1.34752695712e-02	-1.34728862198e-02
1.97000000000e-01	3.89895898877e+03	9.70466272672e-05	9.51081894219e-05
1.98000000000e-01	3.91949697202e+03	1.36306894995e-02	1.36243933016e-02
1.99000000000e-01	3.94004068004e+03	2.67752816965e-02	2.67647049296e-02
2.00000000000e-01	3.96059006564e+03	3.91918304572e-02	3.91771636567e-02
