# omega [THz]     Re(E_{dir,x}) analytic     Re(E_{dir,x}) QE num     Re(E_{dir}) sin QE num, $\epsilon_1$ = 1, v = c/800 $\mu$m/s, b = -0.02$\mu$m, plot_fieldE_direct4.py
1.00000000000e-03	0.00000000000e+00	0.00000000000e+00	2.31425443995e-14
2.00000000000e-03	0.00000000000e+00	0.00000000000e+00	3.57192996263e-13
3.00000000000e-03	0.00000000000e+00	0.00000000000e+00	1.70098444257e-12
4.00000000000e-03	0.00000000000e+00	0.00000000000e+00	4.92135972417e-12
5.00000000000e-03	0.00000000000e+00	0.00000000000e+00	1.06696517075e-11
6.00000000000e-03	0.00000000000e+00	0.00000000000e+00	1.89613906753e-11
7.00000000000e-03	0.00000000000e+00	0.00000000000e+00	2.88139507186e-11
8.00000000000e-03	0.00000000000e+00	0.00000000000e+00	3.80358324341e-11
9.00000000000e-03	0.00000000000e+00	0.00000000000e+00	4.32444694959e-11
1.00000000000e-02	0.00000000000e+00	0.00000000000e+00	4.01583953175e-11
1.10000000000e-02	0.00000000000e+00	0.00000000000e+00	2.41679105650e-11
1.20000000000e-02	0.00000000000e+00	0.00000000000e+00	-8.85868476312e-12
1.30000000000e-02	0.00000000000e+00	0.00000000000e+00	-6.16223578827e-11
1.40000000000e-02	0.00000000000e+00	0.00000000000e+00	-1.34421697399e-10
1.50000000000e-02	0.00000000000e+00	0.00000000000e+00	-2.24314720879e-10
1.60000000000e-02	0.00000000000e+00	0.00000000000e+00	-3.24572686631e-10
1.70000000000e-02	0.00000000000e+00	0.00000000000e+00	-4.24569205292e-10
1.80000000000e-02	0.00000000000e+00	0.00000000000e+00	-5.10210888483e-10
1.90000000000e-02	0.00000000000e+00	0.00000000000e+00	-5.64959261192e-10
2.00000000000e-02	0.00000000000e+00	-0.00000000000e+00	-5.71422692664e-10
2.10000000000e-02	0.00000000000e+00	-0.00000000000e+00	-5.13418912918e-10
2.20000000000e-02	0.00000000000e+00	-0.00000000000e+00	-3.78332109920e-10
2.30000000000e-02	0.00000000000e+00	-0.00000000000e+00	-1.59523164875e-10
2.40000000000e-02	0.00000000000e+00	-0.00000000000e+00	1.41493552052e-10
2.50000000000e-02	0.00000000000e+00	-0.00000000000e+00	5.13410496289e-10
2.60000000000e-02	0.00000000000e+00	-0.00000000000e+00	9.34311783084e-10
2.70000000000e-02	0.00000000000e+00	-0.00000000000e+00	1.37191825927e-09
2.80000000000e-02	0.00000000000e+00	-0.00000000000e+00	1.78504308864e-09
2.90000000000e-02	0.00000000000e+00	-0.00000000000e+00	2.12629452456e-09
3.00000000000e-02	0.00000000000e+00	-0.00000000000e+00	2.34593002878e-09
3.10000000000e-02	0.00000000000e+00	-0.00000000000e+00	2.39662671280e-09
3.20000000000e-02	0.00000000000e+00	-0.00000000000e+00	2.23880144269e-09
3.30000000000e-02	0.00000000000e+00	-0.00000000000e+00	1.84600472254e-09
3.40000000000e-02	0.00000000000e+00	-0.00000000000e+00	1.20983967955e-09
3.50000000000e-02	0.00000000000e+00	-0.00000000000e+00	3.43832766724e-10
3.60000000000e-02	0.00000000000e+00	-0.00000000000e+00	-7.14285947077e-10
3.70000000000e-02	0.00000000000e+00	-0.00000000000e+00	-1.90234486396e-09
3.80000000000e-02	0.00000000000e+00	-0.00000000000e+00	-3.13584091712e-09
3.90000000000e-02	0.00000000000e+00	-0.00000000000e+00	-4.31250924229e-09
4.00000000000e-02	0.00000000000e+00	0.00000000000e+00	-5.31923673348e-09
4.10000000000e-02	0.00000000000e+00	0.00000000000e+00	-6.04096183751e-09
4.20000000000e-02	0.00000000000e+00	0.00000000000e+00	-6.37096856187e-09
4.30000000000e-02	0.00000000000e+00	0.00000000000e+00	-6.22177929765e-09
4.40000000000e-02	0.00000000000e+00	0.00000000000e+00	-5.53570139325e-09
4.50000000000e-02	0.00000000000e+00	0.00000000000e+00	-4.29400614640e-09
4.60000000000e-02	0.00000000000e+00	0.00000000000e+00	-2.52373055662e-09
4.70000000000e-02	0.00000000000e+00	0.00000000000e+00	-3.01199380196e-10
4.80000000000e-02	0.00000000000e+00	0.00000000000e+00	2.24843292915e-09
4.90000000000e-02	0.00000000000e+00	0.00000000000e+00	4.95603351607e-09
5.00000000000e-02	0.00000000000e+00	0.00000000000e+00	7.61779457500e-09
5.10000000000e-02	0.00000000000e+00	0.00000000000e+00	1.00086529009e-08
5.20000000000e-02	0.00000000000e+00	0.00000000000e+00	1.18990859041e-08
5.30000000000e-02	0.00000000000e+00	0.00000000000e+00	1.30741680274e-08
5.40000000000e-02	0.00000000000e+00	0.00000000000e+00	1.33534586115e-08
5.50000000000e-02	0.00000000000e+00	0.00000000000e+00	1.26100766596e-08
5.60000000000e-02	0.00000000000e+00	0.00000000000e+00	1.07872275682e-08
5.70000000000e-02	0.00000000000e+00	0.00000000000e+00	7.91050077253e-09
5.80000000000e-02	0.00000000000e+00	0.00000000000e+00	4.09446327601e-09
5.90000000000e-02	0.00000000000e+00	0.00000000000e+00	-4.57572777882e-10
6.00000000000e-02	0.00000000000e+00	-0.00000000000e+00	-5.46124825579e-09
6.10000000000e-02	0.00000000000e+00	-0.00000000000e+00	-1.05663807737e-08
6.20000000000e-02	0.00000000000e+00	-0.00000000000e+00	-1.53791382419e-08
6.30000000000e-02	0.00000000000e+00	-0.00000000000e+00	-1.94899452704e-08
6.40000000000e-02	0.00000000000e+00	-0.00000000000e+00	-2.25053134639e-08
6.50000000000e-02	0.00000000000e+00	-0.00000000000e+00	-2.40812984116e-08
6.60000000000e-02	0.00000000000e+00	-0.00000000000e+00	-2.39559516916e-08
6.70000000000e-02	0.00000000000e+00	-0.00000000000e+00	-2.19779960815e-08
6.80000000000e-02	0.00000000000e+00	-0.00000000000e+00	-1.81290334859e-08
6.90000000000e-02	0.00000000000e+00	-0.00000000000e+00	-1.25369081974e-08
7.00000000000e-02	0.00000000000e+00	-0.00000000000e+00	-5.47838447174e-09
7.10000000000e-02	0.00000000000e+00	-0.00000000000e+00	2.62997094459e-09
7.20000000000e-02	0.00000000000e+00	-0.00000000000e+00	1.12529301673e-08
7.30000000000e-02	0.00000000000e+00	-0.00000000000e+00	1.97690310620e-08
7.40000000000e-02	0.00000000000e+00	-0.00000000000e+00	2.75125713874e-08
7.50000000000e-02	0.00000000000e+00	-0.00000000000e+00	3.38225393964e-08
7.60000000000e-02	0.00000000000e+00	-0.00000000000e+00	3.80950851599e-08
7.70000000000e-02	0.00000000000e+00	-0.00000000000e+00	3.98355930293e-08
7.80000000000e-02	0.00000000000e+00	-0.00000000000e+00	3.87061531652e-08
7.90000000000e-02	0.00000000000e+00	0.00000000000e+00	3.45642901557e-08
8.00000000000e-02	0.00000000000e+00	0.00000000000e+00	2.74892068976e-08
8.10000000000e-02	0.00000000000e+00	0.00000000000e+00	1.77925329234e-08
8.20000000000e-02	0.00000000000e+00	0.00000000000e+00	6.01159136782e-09
8.30000000000e-02	0.00000000000e+00	0.00000000000e+00	-7.11554547112e-09
8.40000000000e-02	0.00000000000e+00	0.00000000000e+00	-2.06925416018e-08
8.50000000000e-02	0.00000000000e+00	0.00000000000e+00	-3.37227118064e-08
8.60000000000e-02	0.00000000000e+00	0.00000000000e+00	-4.51788834822e-08
8.70000000000e-02	0.00000000000e+00	0.00000000000e+00	-5.40805414003e-08
8.80000000000e-02	0.00000000000e+00	0.00000000000e+00	-5.95727016379e-08
8.90000000000e-02	0.00000000000e+00	0.00000000000e+00	-6.10004550437e-08
9.00000000000e-02	0.00000000000e+00	0.00000000000e+00	-5.79730626527e-08
9.10000000000e-02	0.00000000000e+00	0.00000000000e+00	-5.04119081301e-08
9.20000000000e-02	0.00000000000e+00	0.00000000000e+00	-3.85775117662e-08
9.30000000000e-02	0.00000000000e+00	0.00000000000e+00	-2.30721446803e-08
9.40000000000e-02	0.00000000000e+00	0.00000000000e+00	-4.81627148476e-09
9.50000000000e-02	0.00000000000e+00	0.00000000000e+00	1.50010174414e-08
9.60000000000e-02	0.00000000000e+00	0.00000000000e+00	3.49953847653e-08
9.70000000000e-02	0.00000000000e+00	0.00000000000e+00	5.36802477587e-08
9.80000000000e-02	0.00000000000e+00	0.00000000000e+00	6.95734337373e-08
9.90000000000e-02	0.00000000000e+00	-0.00000000000e+00	8.13101005080e-08
1.00000000000e-01	0.00000000000e+00	-0.00000000000e+00	8.77536056539e-08
1.01000000000e-01	0.00000000000e+00	-0.00000000000e+00	8.80956747354e-08
1.02000000000e-01	0.00000000000e+00	-0.00000000000e+00	8.19375380703e-08
1.03000000000e-01	0.00000000000e+00	-0.00000000000e+00	6.93446905067e-08
1.04000000000e-01	0.00000000000e+00	-0.00000000000e+00	5.08695388870e-08
1.05000000000e-01	0.00000000000e+00	-0.00000000000e+00	2.75383469697e-08
1.06000000000e-01	0.00000000000e+00	-0.00000000000e+00	8.01430027143e-10
1.07000000000e-01	0.00000000000e+00	-0.00000000000e+00	-2.75516846031e-08
1.08000000000e-01	0.00000000000e+00	-0.00000000000e+00	-5.55076314271e-08
1.09000000000e-01	0.00000000000e+00	-0.00000000000e+00	-8.09680275349e-08
1.10000000000e-01	0.00000000000e+00	-0.00000000000e+00	-1.01902470320e-07
1.11000000000e-01	0.00000000000e+00	-0.00000000000e+00	-1.16504855895e-07
1.12000000000e-01	0.00000000000e+00	-0.00000000000e+00	-1.23341324824e-07
1.13000000000e-01	0.00000000000e+00	-0.00000000000e+00	-1.21478157494e-07
1.14000000000e-01	0.00000000000e+00	-0.00000000000e+00	-1.10578852492e-07
1.15000000000e-01	0.00000000000e+00	-0.00000000000e+00	-9.09614036507e-08
1.16000000000e-01	0.00000000000e+00	-0.00000000000e+00	-6.36093519525e-08
1.17000000000e-01	0.00000000000e+00	-0.00000000000e+00	-3.01333702326e-08
1.18000000000e-01	0.00000000000e+00	-0.00000000000e+00	7.31627153899e-09
1.19000000000e-01	0.00000000000e+00	0.00000000000e+00	4.61822690983e-08
1.20000000000e-01	0.00000000000e+00	0.00000000000e+00	8.36701652669e-08
1.21000000000e-01	0.00000000000e+00	0.00000000000e+00	1.16944629734e-07
1.22000000000e-01	0.00000000000e+00	0.00000000000e+00	1.43338679130e-07
1.23000000000e-01	0.00000000000e+00	0.00000000000e+00	1.60560739754e-07
1.24000000000e-01	0.00000000000e+00	0.00000000000e+00	1.66883881997e-07
1.25000000000e-01	0.00000000000e+00	0.00000000000e+00	1.61302142553e-07
1.26000000000e-01	0.00000000000e+00	0.00000000000e+00	1.43640607830e-07
1.27000000000e-01	0.00000000000e+00	0.00000000000e+00	1.14608780605e-07
1.28000000000e-01	0.00000000000e+00	0.00000000000e+00	7.57905263736e-08
1.29000000000e-01	0.00000000000e+00	0.00000000000e+00	2.95683520861e-08
1.30000000000e-01	0.00000000000e+00	0.00000000000e+00	-2.10153982791e-08
1.31000000000e-01	0.00000000000e+00	0.00000000000e+00	-7.24529886713e-08
1.32000000000e-01	0.00000000000e+00	0.00000000000e+00	-1.21009415461e-07
1.33000000000e-01	0.00000000000e+00	0.00000000000e+00	-1.62988428848e-07
1.34000000000e-01	0.00000000000e+00	0.00000000000e+00	-1.95007863270e-07
1.35000000000e-01	0.00000000000e+00	0.00000000000e+00	-2.14264156610e-07
1.36000000000e-01	0.00000000000e+00	0.00000000000e+00	-2.18765849976e-07
1.37000000000e-01	0.00000000000e+00	0.00000000000e+00	-2.07517285659e-07
1.38000000000e-01	0.00000000000e+00	0.00000000000e+00	-1.80636618505e-07
1.39000000000e-01	0.00000000000e+00	0.00000000000e+00	-1.39396470456e-07
1.40000000000e-01	0.00000000000e+00	-0.00000000000e+00	-8.61808285811e-08
1.41000000000e-01	0.00000000000e+00	-0.00000000000e+00	-2.43577620812e-08
1.42000000000e-01	0.00000000000e+00	-0.00000000000e+00	4.19262057335e-08
1.43000000000e-01	0.00000000000e+00	-0.00000000000e+00	1.08018146567e-07
1.44000000000e-01	0.00000000000e+00	-0.00000000000e+00	1.69079822086e-07
1.45000000000e-01	0.00000000000e+00	-0.00000000000e+00	2.20436069521e-07
1.46000000000e-01	0.00000000000e+00	-0.00000000000e+00	2.57925786456e-07
1.47000000000e-01	0.00000000000e+00	-0.00000000000e+00	2.78229609256e-07
1.48000000000e-01	0.00000000000e+00	-0.00000000000e+00	2.79149048320e-07
1.49000000000e-01	0.00000000000e+00	-0.00000000000e+00	2.59814420521e-07
1.50000000000e-01	0.00000000000e+00	-0.00000000000e+00	2.20803288512e-07
1.51000000000e-01	0.00000000000e+00	-0.00000000000e+00	1.64157022696e-07
1.52000000000e-01	0.00000000000e+00	-0.00000000000e+00	9.32901643779e-08
1.53000000000e-01	0.00000000000e+00	-0.00000000000e+00	1.27950061001e-08
1.54000000000e-01	0.00000000000e+00	-0.00000000000e+00	-7.18483331632e-08
1.55000000000e-01	0.00000000000e+00	-0.00000000000e+00	-1.54638655777e-07
1.56000000000e-01	0.00000000000e+00	-0.00000000000e+00	-2.29473195818e-07
1.57000000000e-01	0.00000000000e+00	-0.00000000000e+00	-2.90590994044e-07
1.58000000000e-01	0.00000000000e+00	-0.00000000000e+00	-3.33008361008e-07
1.59000000000e-01	0.00000000000e+00	-0.00000000000e+00	-3.52914020731e-07
1.60000000000e-01	0.00000000000e+00	-0.00000000000e+00	-3.47993274964e-07
1.61000000000e-01	0.00000000000e+00	-0.00000000000e+00	-3.17654613370e-07
1.62000000000e-01	0.00000000000e+00	-0.00000000000e+00	-2.63138401318e-07
1.63000000000e-01	0.00000000000e+00	-0.00000000000e+00	-1.87495221882e-07
1.64000000000e-01	0.00000000000e+00	-0.00000000000e+00	-9.54306063533e-08
1.65000000000e-01	0.00000000000e+00	-0.00000000000e+00	6.97737699425e-09
1.66000000000e-01	0.00000000000e+00	-0.00000000000e+00	1.12671593807e-07
1.67000000000e-01	0.00000000000e+00	-0.00000000000e+00	2.14095519693e-07
1.68000000000e-01	0.00000000000e+00	-0.00000000000e+00	3.03727014320e-07
1.69000000000e-01	0.00000000000e+00	-0.00000000000e+00	3.74628944965e-07
1.70000000000e-01	0.00000000000e+00	-0.00000000000e+00	4.20976835860e-07
1.71000000000e-01	0.00000000000e+00	-0.00000000000e+00	4.38523992083e-07
1.72000000000e-01	0.00000000000e+00	-0.00000000000e+00	4.24967746202e-07
1.73000000000e-01	0.00000000000e+00	-0.00000000000e+00	3.80186468005e-07
1.74000000000e-01	0.00000000000e+00	0.00000000000e+00	3.06325416422e-07
1.75000000000e-01	0.00000000000e+00	0.00000000000e+00	2.07719859131e-07
1.76000000000e-01	0.00000000000e+00	0.00000000000e+00	9.06554409075e-08
1.77000000000e-01	0.00000000000e+00	0.00000000000e+00	-3.70222652527e-08
1.78000000000e-01	0.00000000000e+00	0.00000000000e+00	-1.66425608192e-07
1.79000000000e-01	0.00000000000e+00	0.00000000000e+00	-2.88236545463e-07
1.80000000000e-01	0.00000000000e+00	0.00000000000e+00	-3.93370580985e-07
1.81000000000e-01	0.00000000000e+00	0.00000000000e+00	-4.73646134572e-07
1.82000000000e-01	0.00000000000e+00	0.00000000000e+00	-5.22410558417e-07
1.83000000000e-01	0.00000000000e+00	0.00000000000e+00	-5.35075569151e-07
1.84000000000e-01	0.00000000000e+00	0.00000000000e+00	-5.09519938323e-07
1.85000000000e-01	0.00000000000e+00	0.00000000000e+00	-4.46325620633e-07
1.86000000000e-01	0.00000000000e+00	0.00000000000e+00	-3.48824590684e-07
1.87000000000e-01	0.00000000000e+00	0.00000000000e+00	-2.22946778624e-07
1.88000000000e-01	0.00000000000e+00	0.00000000000e+00	-7.68737434707e-08
1.89000000000e-01	0.00000000000e+00	0.00000000000e+00	7.94829110584e-08
1.90000000000e-01	0.00000000000e+00	0.00000000000e+00	2.35145941580e-07
1.91000000000e-01	0.00000000000e+00	0.00000000000e+00	3.78835772967e-07
1.92000000000e-01	0.00000000000e+00	0.00000000000e+00	4.99780164872e-07
1.93000000000e-01	0.00000000000e+00	0.00000000000e+00	5.88512644021e-07
1.94000000000e-01	0.00000000000e+00	0.00000000000e+00	6.37601120765e-07
1.95000000000e-01	0.00000000000e+00	0.00000000000e+00	6.42251378095e-07
1.96000000000e-01	0.00000000000e+00	-0.00000000000e+00	6.00737541075e-07
1.97000000000e-01	0.00000000000e+00	-0.00000000000e+00	5.14622787894e-07
1.98000000000e-01	0.00000000000e+00	-0.00000000000e+00	3.88747747033e-07
1.99000000000e-01	0.00000000000e+00	-0.00000000000e+00	2.30980291184e-07
2.00000000000e-01	0.00000000000e+00	-0.00000000000e+00	5.17376588128e-08
